Feature            Score (R^2) Left    Score (R^2) Right    Mean-Mean left    Var-Mean left    Mean-Mean right    Var-Mean right    Mean-Var left    Var-Var left    Mean-Var right    Var-Var right
---------------  ------------------  -------------------  ----------------  ---------------  -----------------  ----------------  ---------------  --------------  ----------------  ---------------
CSP1                    0.00503894           0.000224969        0.29723           0.0190956        0.668323           0.00668927         0.135411       0.0518101          1.51565          2.67447
CSP2                    0.000334067          8.60249e-06        0.351179          0.0177613        0.639678           0.00778822         0.152518       0.0676146          1.00548          1.7637
CSP3                    0.00228395           0.000187628        0.381383          0.0147133        0.613613           0.0078996          0.124933       0.0476706          0.74781          1.34591
E1_BP_ALPHA             7.48612e-05          0.000497113        0.276449          0.0487642        0.456043           0.0927811          0.325755       0.220251           0.752576         1.04374
E1_BP_BETA              0.0016623            3.67622e-06        0.233609          0.0505808        0.358587           0.122584           0.45369        0.289121           0.808717         0.930636
E1_BP_GAMMA             0.00226533           0.00368032         0.203265          0.0540728        0.281833           0.139868           0.544891       0.311017           0.825815         0.829407
E1_BP_DELTA             0.00347362           0.00479041         0.179916          0.0551905        0.229647           0.14303            0.607534       0.330572           0.843836         0.763146
E1_BP_THETA             0.00233613           0.00980942         0.164935          0.0560357        0.188999           0.142891           0.658311       0.343091           0.844214         0.722401
E1_RTP                  0.000587932          0.00129715         0.145122          0.0584988        0.162976           0.135743           0.67305        0.33663            0.85948          0.694818
E1_SPEC_MOM             0.000893988          0.00471456         0.136726          0.0583607        0.139331           0.131693           0.693968       0.32524            0.867366         0.665353
E1_SPEC_EDGE            0.00179121           0.000196467        0.123639          0.0588651        0.121257           0.127334           0.705254       0.31262            0.884062         0.641232
E1_SPEC_ENT             0.00204669           0.000765352        0.116202          0.0576487        0.108145           0.123674           0.724606       0.307082           0.893398         0.621333
E1_SLOPE                0.0115362            0.00233471         0.106121          0.0577018        0.0981205          0.118267           0.728193       0.296729           0.909144         0.607263
E1_INTERCEPT            0.000142944          0.000978115        0.100411          0.0555199        0.0923713          0.11263            0.736869       0.286977           0.915377         0.58469
E1_MEAN_FREQ            0.00040846           0.000126783        0.0980126         0.0538496        0.0822746          0.108165           0.755831       0.292873           0.905575         0.561702
E1_OCC_BAND             1.8383e-05           0.00032605         0.0924797         0.0530511        0.0820597          0.10385            0.769287       0.298004           0.919608         0.559255
E1_POWER_BAND           0.00154586           0.00417421         0.0858014         0.0527675        0.0820168          0.0999333          0.779201       0.295488           0.924428         0.538615
E1_WLT_ENT              0.000399232          0.00431659         0.0783528         0.0523548        0.0816868          0.0974103          0.786343       0.290559           0.924265         0.518631
E1_KURT                 1.17749e-05          0.00300733         0.0714967         0.0519293        0.0834538          0.0946196          0.78634        0.283978           0.937008         0.512348
E1_SKEW                 0.000279868          0.00433362         0.0644409         0.0517928        0.0831273          0.0924225          0.787883       0.279508           0.941861         0.50533
E1_VAR                  0.00195669           0.00929782         0.0614501         0.0509681        0.0818255          0.0898856          0.7958         0.278729           0.948554         0.498899
E1_STD                  0.0021866            0.00549786         0.05721           0.0507635        0.0804353          0.087351           0.802954       0.280348           0.94901          0.48885
E1_LOG_ENE_ENT          0.00264877           0.00699231         0.0547096         0.0499858        0.0784651          0.0850466          0.812097       0.279896           0.950771         0.478602
E2_BP_ALPHA             4.67911e-06          0.000948906        0.0512439         0.0492566        0.0763528          0.082795           0.820955       0.28593            0.95171          0.472728
E2_BP_BETA              0.00309568           0.00399933         0.0483497         0.0486322        0.0764329          0.0811014          0.824174       0.282413           0.956926         0.464343
E2_BP_GAMMA             0.000154629          0.0050904          0.0453857         0.0477174        0.0705835          0.0804043          0.826992       0.283518           0.957494         0.463012
E2_BP_DELTA             1.64932e-05          0.00266564         0.0444534         0.0470197        0.0684339          0.0786459          0.831079       0.286838           0.963143         0.462627
E2_BP_THETA             6.07723e-06          0.00171352         0.0416846         0.0465625        0.0639211          0.0776681          0.835628       0.284492           0.959745         0.452618
E2_RTP                  0.000531723          2.15375e-05        0.0404            0.0465747        0.0566756          0.0772956          0.842077       0.288272           0.948973         0.445205
E2_SPEC_MOM             7.28375e-05          0.00131118         0.0398996         0.0461907        0.0525522          0.0764217          0.854084       0.298148           0.946378         0.443787
E2_SPEC_EDGE            0.000384613          0.000573953        0.0389605         0.0458252        0.04817            0.0753323          0.863423       0.306631           0.939626         0.440287
E2_SPEC_ENT             3.22544e-06          0.000434757        0.0374435         0.0454647        0.0447391          0.0738382          0.872073       0.310448           0.933614         0.433313
E2_SLOPE                0.000550242          0.00159907         0.0347838         0.045222         0.0407636          0.0730567          0.870547       0.307681           0.933848         0.428308
E2_INTERCEPT            0.000958471          0.0006967          0.0337256         0.0452353        0.0376909          0.0719884          0.873698       0.306407           0.932046         0.421381
E2_MEAN_FREQ            0.000237775          0.000654997        0.0311002         0.0450763        0.0366874          0.0712529          0.872042       0.305573           0.933507         0.420088
E2_OCC_BAND             0.000626147          0.000666115        0.0291603         0.0443808        0.0353519          0.0698232          0.872739       0.305853           0.931258         0.415299
E2_POWER_BAND           1.13965e-08          0.00011237         0.0278734         0.0439534        0.0321396          0.0696006          0.873618       0.302949           0.927635         0.409449
E2_WLT_ENT              0.000159751          8.34012e-05        0.0274035         0.0434166        0.0306773          0.0687784          0.873704       0.300262           0.927556         0.407785
E2_KURT                 0.0178753            0.00135499         0.0266639         0.044203         0.0283926          0.0679819          0.876972       0.300748           0.924622         0.401759
E2_SKEW                 0.0162208            0.00407796         0.0271797         0.0445444        0.026539           0.0677211          0.882879       0.301873           0.919491         0.396329
E2_VAR                  0.0101167            0.00256329         0.0273284         0.0451892        0.0251175          0.0671297          0.888489       0.305329           0.915989         0.391038
E2_STD                  0.000404802          0.000243735        0.027257          0.0450961        0.02378            0.0665898          0.891372       0.303666           0.913882         0.387534
E2_LOG_ENE_ENT          0.00578171           0.00269838         0.0268164         0.0451744        0.0226014          0.0659359          0.892272       0.3027             0.912731         0.385224
E3_BP_ALPHA             0.0107873            6.2315e-06         0.0264607         0.0451006        0.0205412          0.0651667          0.895977       0.304397           0.908829         0.380794
E3_BP_BETA              0.00823527           0.000545415        0.0262072         0.0451432        0.0193885          0.0644844          0.896541       0.301707           0.908473         0.375803
E3_BP_GAMMA             0.00927465           6.84741e-05        0.0259193         0.0450417        0.017773           0.0637433          0.898296       0.300752           0.909165         0.374098
E3_BP_DELTA             0.00164895           0.00298206         0.0247143         0.0447676        0.0170106          0.0631695          0.896985       0.297481           0.909537         0.369651
E3_BP_THETA             0.000472509          0.00717504         0.0243686         0.0445548        0.0145782          0.0629606          0.897592       0.296072           0.911796         0.369765
E3_RTP                  0.00064206           0.00136096         0.0231978         0.0444473        0.0140471          0.0624073          0.896877       0.292862           0.912551         0.368814
E3_SPEC_MOM             1.51996e-07          8.82891e-06        0.0220336         0.0441517        0.0132783          0.0617719          0.8981         0.2907             0.910703         0.364496
E3_SPEC_EDGE            7.37899e-05          4.48619e-05        0.0213351         0.0438486        0.0120634          0.0609231          0.899022       0.289768           0.909558         0.36209
E3_SPEC_ENT             0.000562392          0.000386058        0.0210714         0.0434055        0.0111557          0.0602152          0.901995       0.29064            0.90771          0.35881
E3_SLOPE                2.91727e-05          0.000175529        0.0191002         0.0431188        0.0108723          0.0594233          0.898972       0.28906            0.909331         0.360548
E3_INTERCEPT            0.000847817          1.38639e-05        0.0184686         0.0427443        0.00959954         0.0587546          0.898337       0.287709           0.90912          0.359121
E3_MEAN_FREQ            0.000194292          6.394e-06          0.0169411         0.0425612        0.00914015         0.0580823          0.897105       0.285621           0.909519         0.35546
E3_OCC_BAND             0.000566375          0.000257944        0.0154127         0.0420879        0.00944402         0.0574545          0.896577       0.28365            0.90938          0.352686
E3_POWER_BAND           0.000631526          0.000500909        0.0144932         0.0417623        0.00922244         0.0570981          0.893407       0.281391           0.910836         0.351111
E3_WLT_ENT              0.000290099          0.000289694        0.0124296         0.0415505        0.00886017         0.056685           0.891203       0.279983           0.910404         0.352933
E3_KURT                 0.00138901           0.00117464         0.0117929         0.0412973        0.00816611         0.0564216          0.89157        0.278173           0.911551         0.349981
E3_SKEW                 1.22242e-05          0.00510794         0.0116288         0.0408774        0.00740259         0.0560352          0.891885       0.27534            0.913761         0.348302
E3_VAR                  0.000640992          0.0104374          0.00649643        0.0424145        0.00388783         0.0572407          0.884676       0.278993           0.910377         0.349774
E3_STD                  0.000631211          0.000502436        0.00350154        0.042711         0.00060336         0.0580196          0.883215       0.277              0.90867          0.347428
E3_LOG_ENE_ENT          0.00461124           0.00241533         0.00238004        0.0425424       -0.00227702         0.0580815          0.884249       0.274334           0.908236         0.343001
E4_BP_ALPHA             1.45212e-05          0.00415522         0.00052349        0.0424771       -0.00455984         0.0582626          0.884177       0.271207           0.909136         0.33961
E4_BP_BETA              0.000952582          0.0101255         -0.00269506        0.04299         -0.00856867         0.0591215          0.881452       0.269837           0.906078         0.336999
E4_BP_GAMMA             0.00255835           0.01304           -0.0076911         0.0442156       -0.0111669          0.060037           0.873011       0.273206           0.903915         0.340515
E4_BP_DELTA             0.000355619          0.00231861        -0.01227           0.0451659       -0.0148868          0.0608402          0.864957       0.275202           0.900746         0.343009
E4_BP_THETA             0.00131335           0.0150935         -0.0166078         0.0460159       -0.0166557          0.0617669          0.857873       0.276626           0.901453         0.345963
E4_RTP                  0.0046427            0.000528986       -0.0203881         0.0466667       -0.0204474          0.0627567          0.851534       0.276794           0.899978         0.347763
E4_SPEC_MOM             0.000426167          0.00740196        -0.0199908         0.0463068       -0.0192964          0.0624929          0.853077       0.276637           0.90248          0.347777
E4_SPEC_EDGE            3.89431e-05          0.00601659        -0.0202487         0.0458784       -0.0178764          0.062173           0.853862       0.274902           0.905495         0.345863
E4_SPEC_ENT             0.000373925          0.00561299        -0.0156645         0.0470685       -0.0143119          0.0632948          0.853222       0.272141           0.903977         0.342564
E4_SLOPE                0.000681997          0.00266286        -0.0134422         0.0470766       -0.0114926          0.0637351          0.855984       0.270997           0.905464         0.340225
E4_INTERCEPT            0.000147269          0.00282143        -0.0127506         0.0466988       -0.0087995          0.0638822          0.857566       0.26963            0.910656         0.339702
E4_MEAN_FREQ            0.00027653           0.00388033        -0.011902          0.0464246       -0.00645992         0.064123           0.859508       0.269505           0.914903         0.340582
E4_OCC_BAND             2.35509e-07          0.00704256        -0.00960913        0.0465788       -0.00359763         0.0647652          0.862371       0.269636           0.916136         0.339132
E4_POWER_BAND           0.00173173           0.0169314         -0.00524111        0.047728        -0.000900761        0.0654038          0.861275       0.267372           0.913359         0.33652
E4_WLT_ENT              0.00137172           0.00337401        -0.00157597        0.048433         0.0028299          0.0663038          0.859266       0.265295           0.910903         0.333805
E4_KURT                 0.00152706           0.00889798         0.00208697        0.0492358        0.00528512         0.0670209          0.858644       0.262706           0.909773         0.331187
E4_SKEW                 0.00143545           0.000211895        0.00524717        0.0497795        0.0090246          0.0680991          0.857461       0.260116           0.908204         0.328125
E4_VAR                  0.00115936           0.00741062         0.00495914        0.0494824        0.00985906         0.0677542          0.858241       0.261244           0.910951         0.330262
E4_STD                  4.01863e-05          0.00524567         0.00461385        0.0490409        0.0106963          0.0673473          0.858827       0.2603             0.913429         0.329548
E4_LOG_ENE_ENT          0.0013296            0.00615174         0.00822788        0.0498366        0.0133061          0.0680699          0.858849       0.258003           0.912391         0.326523
E5_BP_ALPHA             0.000400564          0.00283344         0.00944718        0.0496435        0.0154421          0.0682483          0.862081       0.258264           0.914076         0.325622
E5_BP_BETA              1.57652e-05          0.00107228         0.00954222        0.0493117        0.0175105          0.0682167          0.863535       0.25889            0.919307         0.327242
E5_BP_GAMMA             0.000663577          0.00264678         0.00956481        0.0490243        0.0193132          0.0684003          0.865491       0.260896           0.923781         0.331304
E5_BP_DELTA             1.29433e-06          0.00509221         0.0112911         0.0490927        0.0212714          0.0687829          0.868782       0.262858           0.925446         0.332296
E5_BP_THETA             0.0025696            0.0162085          0.0146862         0.0498108        0.0234174          0.0692586          0.867324       0.260711           0.923345         0.329855
E5_RTP                  0.00215837           0.00369073         0.0174823         0.0502113        0.0264838          0.0699076          0.865654       0.258812           0.92143          0.327452
E5_SPEC_MOM             0.00142648           0.0119214          0.0202378         0.0506678        0.028383           0.0704406          0.864306       0.256554           0.920675         0.324933
E5_SPEC_EDGE            0.000755401          0.000957355        0.022648          0.0509485        0.0314474          0.0712315          0.863564       0.254421           0.919317         0.32228
E5_SPEC_ENT             0.000316167          0.00703315         0.0225303         0.0506219        0.031705           0.070879           0.864523       0.253628           0.92093          0.321569
E5_SLOPE                4.9612e-05           0.00514651         0.0218791         0.0502754        0.0322547          0.0704433          0.865093       0.251935           0.922989         0.319693
E5_INTERCEPT            0.000443989          0.00854121         0.0249451         0.0508912        0.0343502          0.0710523          0.863333       0.250448           0.921432         0.31771
E5_MEAN_FREQ            0.000672025          0.00213024         0.0260992         0.0507239        0.0359019          0.0711241          0.8651         0.249334           0.922118         0.315784
E5_OCC_BAND             0.000372835          0.00361155         0.0260581         0.0503813        0.0372661          0.0709353          0.866273       0.2478             0.925513         0.314559
E5_POWER_BAND           0.000455895          0.0045546          0.0261219         0.0500805        0.0383004          0.0708748          0.867583       0.24689            0.928029         0.313768
E5_WLT_ENT              1.32314e-05          0.00960095         0.0273323         0.0500453        0.0399083          0.0711221          0.869051       0.246362           0.92858          0.312111
E5_KURT                 0.00262335           0.0201245          0.0303802         0.0506842        0.0415091          0.0715144          0.86685        0.245116           0.926269         0.310864
E5_SKEW                 0.00172174           0.00423076         0.0329524         0.0510475        0.0440182          0.0719294          0.864458       0.243906           0.923863         0.309452
E5_VAR                  0.00283372           0.012048           0.0355777         0.0515141        0.0454063          0.0724267          0.862894       0.242301           0.922925         0.307821
E5_STD                  0.000881227          0.000121321        0.0378436         0.0518306        0.0479736          0.0730172          0.861209       0.240709           0.921208         0.306137
E5_LOG_ENE_ENT          0.000235046          0.00347971         0.0374605         0.0515645        0.0484272          0.072662           0.861846       0.239664           0.922021         0.304127
E6_BP_ALPHA             0.000182078          0.00707058         0.0369466         0.0512913        0.0482287          0.0721493          0.86304        0.238296           0.922526         0.302167
E6_BP_BETA              0.00140558           0.00175883         0.0390984         0.0515558        0.0495244          0.0721189          0.863539       0.237744           0.920531         0.30056
E6_BP_GAMMA             0.000677763          5.76948e-05        0.0409404         0.0516348        0.0506945          0.0720291          0.864126       0.237081           0.919659         0.298753
E6_BP_DELTA             0.000255776          0.000313699        0.0419325         0.0514272        0.0518366          0.0718246          0.865555       0.236461           0.919839         0.296409
E6_BP_THETA             0.000472812          0.000568202        0.043339          0.0514204        0.0533299          0.0717484          0.865729       0.235421           0.919433         0.294206
E6_RTP                  0.000542013          0.00164924         0.0449849         0.051411         0.0548922          0.07173            0.866599       0.234871           0.918401         0.292395
E6_SPEC_MOM             4.41854e-05          0.0095443          0.0468567         0.051505         0.0562478          0.0717435          0.866154       0.234411           0.916639         0.291084
E6_SPEC_EDGE            2.78124e-05          0.00274056         0.0486708         0.0515416        0.0574224          0.0716715          0.865697       0.23411            0.914799         0.289876
E6_SPEC_ENT             6.12516e-05          0.0104193          0.0502324         0.0515554        0.0581803          0.0716725          0.865506       0.233386           0.91365          0.28851
E6_SLOPE                0.00372953           0.000421703        0.0516892         0.0515123        0.0594948          0.0716384          0.864973       0.232504           0.912053         0.286997
E6_INTERCEPT            0.000341441          0.00356926         0.0510626         0.0513082        0.0581826          0.0715654          0.865241       0.231251           0.912997         0.285529
E6_MEAN_FREQ            0.000282587          0.0063417          0.0506848         0.0510378        0.0572693          0.0713061          0.865834       0.230011           0.914458         0.284366
E6_OCC_BAND             0.00103948           0.00595856         0.0475256         0.052073         0.0548146          0.0719332          0.864054       0.229285           0.912594         0.283179
E6_POWER_BAND           0.000811868          0.000429389        0.0451115         0.0524983        0.0524068          0.0724687          0.86375        0.228251           0.911806         0.281856
E6_WLT_ENT              0.00307386           0.00151947         0.0436809         0.0525093        0.0501041          0.072762           0.864465       0.226859           0.912402         0.279727
E6_KURT                 0.000174228          0.00259778         0.0417571         0.0527377        0.0477952          0.0731293          0.864283       0.225339           0.912961         0.278127
E6_SKEW                 0.00233605           0.00603333         0.039325          0.0532349        0.0449655          0.0738275          0.864116       0.224416           0.911905         0.276623
E6_VAR                  8.21091e-05          0.014332           0.0362084         0.0540944        0.0427365          0.074365           0.861624       0.223984           0.910232         0.275857
E6_STD                  6.53938e-05          0.00403052         0.0333477         0.0547486        0.0403831          0.0747822          0.859246       0.223775           0.908579         0.274987
E6_LOG_ENE_ENT          6.37189e-05          0.0156482          0.0305871         0.0554093        0.038668           0.0752381          0.857186       0.223071           0.907757         0.274063
E7_BP_ALPHA             0.00788708           4.84608e-05        0.0280705         0.0559452        0.0360723          0.0758733          0.855126       0.222446           0.906857         0.272933
E7_BP_BETA              0.000426167          0.00740196         0.0279054         0.0556667        0.0362646          0.075574           0.855961       0.222787           0.908203         0.273523
E7_BP_GAMMA             3.89431e-05          0.00601659         0.0273799         0.0553829        0.0366239          0.0752265          0.856381       0.222235           0.909856         0.273016
E7_BP_DELTA             0.000373925          0.00561299         0.0296038         0.0557601        0.0382156          0.0755675          0.855998       0.221086           0.908962         0.271728
E7_BP_THETA             0.000681997          0.00266286         0.0305176         0.0556           0.039413           0.0755785          0.857552       0.220826           0.909771         0.27094
E7_RTP                  0.000147269          0.00282143         0.0305735         0.0552976        0.0405633          0.0754367          0.858447       0.220428           0.912715         0.271158
E7_SPEC_MOM             0.00027653           0.00388033         0.0307299         0.0550456        0.0415334          0.0753745          0.85956        0.220733           0.91515          0.272188
E7_SPEC_EDGE            2.35509e-07          0.00704256         0.0317346         0.0549718        0.0428276          0.0755224          0.861221       0.221184           0.915864         0.271868
E7_SPEC_ENT             0.00173173           0.0169314          0.0339694         0.055387         0.044049           0.0756865          0.86059        0.220229           0.914246         0.270856
E7_SLOPE                0.00137172           0.00337401         0.0358241         0.0555903        0.045899           0.0759602          0.859418       0.219365           0.912798         0.269761
E7_INTERCEPT            0.00152706           0.00889798         0.0377045         0.0558635        0.047025           0.0762024          0.85905        0.218182           0.912119         0.268698
E7_MEAN_FREQ            0.00143545           0.000211895        0.0393134         0.0560159        0.0489318          0.0766058          0.858346       0.216977           0.911171         0.267351
E7_OCC_BAND             0.00036454           0.00215586         0.0391855         0.055774         0.048803           0.0763521          0.859021       0.216039           0.911829         0.266188
E7_POWER_BAND           0.000294741          0.00563175         0.0387188         0.055499         0.0487229          0.0759419          0.859938       0.21481            0.912625         0.264748
E7_WLT_ENT              0.00024216           0.0122698          0.0405617         0.055815         0.0499             0.0761525          0.857586       0.215726           0.910904         0.265159
E7_KURT                 0.000985149          0.00071054         0.0416773         0.0557203        0.0509619          0.0762368          0.857526       0.214983           0.909942         0.264239
E7_SKEW                 0.00192276           0.00270155         0.0418744         0.0554787        0.0518853          0.0760143          0.858194       0.213791           0.910435         0.262815
E7_VAR                  0.000105117          0.00173773         0.0425244         0.0553002        0.0525691          0.0758386          0.858668       0.212657           0.910828         0.261389
E7_STD                  3.3202e-05           0.00480554         0.043544          0.055191         0.0540587          0.0759745          0.858626       0.211931           0.909539         0.26052
E7_LOG_ENE_ENT          0.00292902           0.0169911          0.045384          0.0554088        0.0550712          0.0761803          0.855656       0.212976           0.907947         0.262087
E8_BP_ALPHA             0.000382611          0.00411847         0.0472414         0.0555902        0.0563267          0.076304           0.852678       0.213624           0.906372         0.26338
E8_BP_BETA              0.000203464          0.0182454          0.0489015         0.0557325        0.0569058          0.0765002          0.85008        0.213924           0.905941         0.264049
E8_BP_GAMMA             0.00335734           0.000450139        0.050438          0.0558308        0.0581894          0.0766598          0.848123       0.214218           0.903969         0.264682
E8_BP_DELTA             0.000815373          0.00747324         0.0500434         0.0556295        0.0573844          0.076498           0.848795       0.214238           0.90519          0.264888
E8_BP_THETA             6.49535e-05          0.00431217         0.0499732         0.0553477        0.0564215          0.0763014          0.849122       0.213465           0.906711         0.264301
E8_RTP                  0.000789215          0.0112034          0.047547          0.0560356        0.0545166          0.0769911          0.847683       0.213053           0.905577         0.263738
E8_SPEC_MOM             0.000433188          0.00218058         0.0464974         0.0560039        0.0530135          0.077208           0.848972       0.212695           0.906142         0.262941
E8_SPEC_EDGE            0.000180325          0.00370897         0.0462266         0.055768         0.0517161          0.0771915          0.849821       0.211944           0.908582         0.262711
E8_SPEC_ENT             0.000788741          0.00605731         0.0459825         0.0555553        0.0506722          0.077253           0.850672       0.211594           0.910204         0.262465
E8_SLOPE                0.000163752          0.011513           0.0449012         0.0556465        0.0492619          0.0775765          0.851542       0.211412           0.910692         0.261879
E8_INTERCEPT            0.00509653           0.02462            0.0424631         0.0563526        0.0476429          0.0780792          0.849724       0.211143           0.908999         0.26188
E8_MEAN_FREQ            0.00253742           0.00570588         0.0402734         0.0568759        0.0453957          0.0786855          0.847993       0.210735           0.907164         0.261731
E8_OCC_BAND             0.00284165           0.0146061          0.0381135         0.0573967        0.043913           0.0792121          0.846672       0.210221           0.906478         0.26124
E8_POWER_BAND           0.000558707          9.26507e-05        0.0361499         0.0578327        0.0416566          0.0799308          0.845602       0.209685           0.905224         0.260712
E8_WLT_ENT              0.00252287           0.000166746        0.0359968         0.0576455        0.0415453          0.0796705          0.84605        0.210908           0.905614         0.261526
E8_KURT                 4.9616e-05           0.00499109         0.0358145         0.0574207        0.0414196          0.0794193          0.846591       0.21158            0.906121         0.262919
E8_SKEW                 0.000728246          0.00883852         0.0372671         0.0576662        0.0422212          0.0795544          0.843859       0.214475           0.904955         0.265636
E8_VAR                  0.000121085          0.000102894        0.0380082         0.0575654        0.0430088          0.0795386          0.84292        0.214608           0.904452         0.266902
E8_STD                  0.00504023           0.002514           0.0381391         0.0573983        0.0437273          0.0792805          0.843357       0.215037           0.903335         0.266297
E8_LOG_ENE_ENT          3.60713e-07          0.0041606          0.0385641         0.0572269        0.0441811          0.0791295          0.843119       0.214736           0.90346          0.266359
E9_BP_ALPHA             0.000541373          0.0108891          0.0395015         0.0572018        0.045391           0.0791531          0.841575       0.214941           0.901717         0.266702
E9_BP_BETA              0.0039902            0.00972253         0.0410868         0.0573899        0.0460023          0.0792917          0.83792        0.217477           0.901192         0.270247
E9_BP_GAMMA             0.000571089          0.00150585         0.0425929         0.0575151        0.0470809          0.0793474          0.834455       0.219248           0.899968         0.273103
E9_BP_DELTA             0.00180991           0.0135338          0.0439858         0.0576097        0.0473132          0.0794977          0.831314       0.221705           0.900884         0.277153
E9_BP_THETA             0.00272625           0.000752189        0.0452212         0.0576474        0.0483505          0.0795909          0.828399       0.222626           0.900618         0.279971
E9_RTP                  0.00333011           3.18904e-05        0.0451086         0.0574754        0.0479407          0.0793184          0.829576       0.223218           0.89978          0.279578
E9_SPEC_MOM             0.00107862           0.00103492         0.0446202         0.0573858        0.0478886          0.0789732          0.829508       0.223122           0.899301         0.279175
E9_SPEC_EDGE            0.00237537           9.56818e-06        0.0446536         0.0572669        0.0467673          0.0788736          0.831363       0.224398           0.89761          0.278802
E9_SPEC_ENT             0.00038589           0.000689389        0.0445108         0.0571413        0.0460741          0.0786668          0.831748       0.223721           0.89747          0.278075
E9_SLOPE                0.00104432           1.93687e-05        0.0441106         0.0569554        0.0460438          0.0784419          0.83182        0.223148           0.897641         0.277683
E9_INTERCEPT            0.0055623            0.000292568        0.0442247         0.056798         0.045601           0.0782759          0.832983       0.223297           0.897358         0.277326
E9_MEAN_FREQ            0.00403707           0.00255348         0.0440718         0.0566966        0.0448798          0.0781766          0.833411       0.222886           0.897215         0.276644
E9_OCC_BAND             0.00241417           3.09545e-05        0.0442085         0.0566002        0.043993           0.0779754          0.834971       0.224243           0.89613          0.276221
E9_POWER_BAND           0.0014573            0.000352223        0.0442149         0.0564819        0.0431722          0.0777808          0.83574        0.224617           0.895164         0.275962
E9_WLT_ENT              2.05559e-05          0.00155705         0.0443657         0.0562996        0.042407           0.0775833          0.836913       0.225691           0.894522         0.27566
E9_KURT                 9.86101e-05          0.000926025        0.0440335         0.0562583        0.0420796          0.0773865          0.836974       0.226448           0.894469         0.276125
E9_SKEW                 0.000952661          2.78949e-05        0.0438868         0.0562089        0.0415265          0.0771606          0.838146       0.226085           0.894418         0.275127
E9_VAR                  0.000135142          0.000342177        0.0436095         0.0560074        0.0410643          0.0768817          0.838728       0.225582           0.894652         0.274168
E9_STD                  0.0107897            0.0174761          0.0436155         0.0560091        0.042251           0.076928           0.839038       0.224787           0.894036         0.273262
E9_LOG_ENE_ENT          0.00557031           0.00218475         0.0433091         0.0560002        0.0426404          0.0767293          0.839567       0.223992           0.893949         0.272034
E10_BP_ALPHA            0.00327097           0.00254052         0.043301          0.055926         0.0428051          0.0764751          0.840116       0.223103           0.894117         0.27104
E10_BP_BETA             0.000105247          0.000332135        0.0431252         0.0557966        0.0430295          0.0762065          0.841072       0.222375           0.894045         0.270269
E10_BP_GAMMA            0.00181481           0.00709139         0.0432113         0.0556699        0.0437977          0.0761188          0.841351       0.221642           0.893961         0.269395
E10_BP_DELTA            0.00612768           0.00819834         0.0429753         0.055705         0.0445778          0.0760584          0.841552       0.221119           0.893554         0.268578
E10_BP_THETA            0.00791945           0.00881027         0.0430334         0.0558041        0.0450787          0.0759263          0.841902       0.220688           0.892792         0.267712
E10_RTP                 0.00513756           0.0109822          0.0426008         0.0557981        0.046063           0.075939           0.841998       0.220006           0.892551         0.267091
E10_SPEC_MOM            0.00264958           0.0042206          0.042514          0.0557604        0.046659           0.0758608          0.841892       0.219669           0.892613         0.26635
E10_SPEC_EDGE           0.00232725           0.000346755        0.0422142         0.0556285        0.0462744          0.0756981          0.842267       0.220319           0.893025         0.266761
E10_SPEC_ENT            1.03215e-05          0.00534793         0.0419512         0.0554537        0.0458988          0.0755315          0.842695       0.220576           0.893609         0.267694
E10_SLOPE               0.000810835          0.00925028         0.0403138         0.055908         0.0447496          0.0758312          0.840485       0.222827           0.892645         0.269695
E10_INTERCEPT           0.000175146          0.000152259        0.0392881         0.0559672        0.0435979          0.0760053          0.839861       0.222809           0.892196         0.270357
E10_MEAN_FREQ           0.00488965           0.00266105         0.0387779         0.0558852        0.0425263          0.075965           0.840302       0.223007           0.891416         0.269728
E10_OCC_BAND            6.63305e-06          0.00434647         0.038012          0.0558432        0.0416827          0.0759692          0.840184       0.222628           0.891574         0.269597
E10_POWER_BAND          0.000555068          0.0102936          0.0368159         0.0559965        0.0402149          0.0762273          0.839023       0.2227             0.890224         0.269657
E10_WLT_ENT             0.00396792           0.010816           0.0350728         0.0564096        0.0392406          0.0764926          0.836049       0.224638           0.88975          0.272323
E10_KURT                0.000566361          0.00180676         0.0334021         0.0567537        0.0378767          0.0767601          0.833192       0.225899           0.888752         0.274454
E10_SKEW                0.00188481           0.0144416          0.0318059         0.0570662        0.0371992          0.0769924          0.830572       0.227488           0.889443         0.277403
E10_VAR                 0.00352439           0.000923694        0.0303787         0.057306         0.0358262          0.0772991          0.828255       0.22814            0.889096         0.279438
E10_STD                 0.00123023           0.00133343         0.0300985         0.05716          0.0354693          0.0771374          0.828653       0.227853           0.889555         0.278942
E10_LOG_ENE_ENT         3.8215e-05           0.00548672         0.0299349         0.0569619        0.0351006          0.0769404          0.829034       0.2273             0.890312         0.278833
E11_BP_ALPHA            0.000647427          0.0113345          0.028306          0.0574173        0.0339168          0.0772711          0.827216       0.228447           0.889395         0.279641
E11_BP_BETA             0.000633653          0.000376865        0.027282          0.0574851        0.0327618          0.0774722          0.827065       0.228045           0.88895          0.279291
E11_BP_GAMMA            0.00483312           0.00267132         0.0268075         0.0573867        0.031723           0.0774581          0.827647       0.227527           0.888912         0.278266
E11_BP_DELTA            2.46308e-05          0.0040863          0.0260888         0.0573372        0.0308425          0.0774798          0.82787        0.226785           0.88926          0.277517
E11_BP_THETA            0.000860574          0.0099328          0.0249401         0.0574912        0.0294094          0.0777617          0.827259       0.226485           0.888392         0.276973
E11_RTP                 0.00237632           0.0142916          0.0232297         0.0579044        0.0283924          0.078048           0.824859       0.227483           0.887748         0.278396
E11_SPEC_MOM            0.000340536          0.00264878         0.0216271         0.0582349        0.027001           0.0783384          0.822509       0.228076           0.886787         0.279504
E11_SPEC_EDGE           0.00124856           0.016126           0.0200637         0.0585554        0.0262364          0.0786097          0.820451       0.228625           0.887051         0.280802
E11_SPEC_ENT            0.0051799            0.00070097         0.0186718         0.05881          0.0247814          0.0789721          0.818594       0.228788           0.886572         0.281719
E11_SLOPE               0.00190003           0.00292594         0.0184394         0.0586682        0.0243895          0.0788452          0.819127       0.228108           0.887105         0.280811
E11_INTERCEPT           0.000204939          0.00348784         0.0185253         0.0584718        0.0239452          0.0786479          0.81973        0.22729            0.888108         0.280037
E11_MEAN_FREQ           0.000956324          0.0120068          0.0170187         0.0588476        0.0229216          0.0788648          0.818463       0.227412           0.886919         0.279747
E11_OCC_BAND            0.000398802          4.00133e-05        0.0160772         0.0588949        0.021936           0.0790027          0.818868       0.226858           0.886467         0.279088
E11_POWER_BAND          0.000460838          0.00121584         0.0156535         0.0587753        0.0209194          0.0790245          0.819623       0.226103           0.886855         0.278072
E11_WLT_ENT             0.00216557           0.00208778         0.0150271         0.0587306        0.0200345          0.079057           0.820224       0.225328           0.887403         0.277214
E11_KURT                6.93585e-06          0.0046269          0.0140552         0.058834         0.0188372          0.0792311          0.820346       0.224868           0.887069         0.276298
E11_SKEW                0.000563351          0.0217547          0.0124134         0.0592328        0.0178676          0.0794202          0.818635       0.224817           0.885911         0.276296
E11_VAR                 0.000479264          0.00702409         0.0109212         0.0595246        0.016586           0.0796175          0.816872       0.224765           0.88472          0.276079
E11_STD                 0.000388827          0.0198937          0.00943191        0.0598485        0.0157943          0.0797987          0.815521       0.224473           0.884335         0.275848
E11_LOG_ENE_ENT         0.00552017           4.3453e-05         0.00818039        0.0600791        0.014283           0.08012            0.814335       0.22426            0.883174         0.275557
