(45, 153)
Running LDA analysis...
Running QDA analysis...
Running KNN-5 analysis...
Running KNN-7 analysis...
Running SVM analysis...
Running NB analysis...
Running RF analysis...
Running DT analysis...

Classifier      Success Rate  Classifier Prediction            Test Labels                      Sub Labels
------------  --------------  -------------------------------  -------------------------------  -------------------------------------------------------------
LDA                 0.466667  [2 3 3 3 2 1 3 2 2 3 2 3 2 3 1]  [1 3 2 1 2 1 2 3 1 3 2 3 3 2 1]  [  1   0   1   2   0   0   1 255   1   0   0   0 255   1   0]
QDA                 0.666667  [1 3 2 2 2 1 3 2 1 3 2 3 2 3 1]  [1 3 2 1 2 1 2 3 1 3 2 3 3 2 1]  [  0   0   0   1   0   0   1 255   0   0   0   0 255   1   0]
KNN-5               0.533333  [2 3 2 3 2 1 3 2 1 2 2 2 3 3 1]  [1 3 2 1 2 1 2 3 1 3 2 3 3 2 1]  [  1   0   0   2   0   0   1 255   0 255   0 255   0   1   0]
KNN-7               0.533333  [1 3 2 3 1 1 3 2 1 2 2 2 3 3 1]  [1 3 2 1 2 1 2 3 1 3 2 3 3 2 1]  [  0   0   0   2 255   0   1 255   0 255   0 255   0   1   0]
SVM                 0.6       [1 3 3 3 2 1 3 2 1 3 2 3 2 3 1]  [1 3 2 1 2 1 2 3 1 3 2 3 3 2 1]  [  0   0   1   2   0   0   1 255   0   0   0   0 255   1   0]
NB                  0.6       [1 3 2 1 3 1 3 2 1 2 2 3 2 3 1]  [1 3 2 1 2 1 2 3 1 3 2 3 3 2 1]  [  0   0   0   0   1   0   1 255   0 255   0   0 255   1   0]
RF                  0.466667  [2 3 2 1 2 1 3 2 2 2 3 3 3 3 2]  [1 3 2 1 2 1 2 3 1 3 2 3 3 2 1]  [  1   0   0   0   0   0   1 255   1 255   1   0   0   1   1]
DT                  0.6       [2 3 2 1 2 1 3 2 2 3 2 3 3 3 2]  [1 3 2 1 2 1 2 3 1 3 2 3 3 2 1]  [  1   0   0   0   0   0   1 255   1   0   0   0   0   1   1]
