Feature                 Score_(R^2)_Left    Score_(R^2)_Right    Mean_Mean_left    Var_Mean_left    Mean_Mean_right    Var_Mean_right    Mean_Var_left    Var_Var_left    Mean_Var_right    Var_Var_right
--------------------  ------------------  -------------------  ----------------  ---------------  -----------------  ----------------  ---------------  --------------  ----------------  ---------------
CSP1                         0.00556114           0.000190436       0.281576          0.0130596          0.659914          0.0170618          0.120271      0.0463554           2.84373        6.55957
CSP2                         8.86689e-06          0.00461452        0.418301          0.00795215         0.617645          0.00572057         0.167708      0.0381201           0.279005       0.0142246
CSP3                         0.000142555          0.000644843       0.433884          0.00162561         0.577547          0.00225553         0.102049      0.00369881          0.179012       0.00907793
E1_BP_15.5_18.5              0.000317944          0.0229252        -0.0441702         0.0186629          0.0191287         0.0583087          1.01476       0.175192            0.896099       0.0639414
E1_BP_8_10.5                 0.00300158           0.0021193         0.0579563         0.00522726        -0.161887          0.0283459          1.04703       0.142042            0.815433       0.191908
E1_BP_10_15.5                0.000401822          0.00192717        0.014955          0.0763267         -0.0327063         0.0856141          0.874784      0.245016            1.04359        0.323823
E1_BP_17.5_20.5              0.00678832           0.00300208       -0.0308536         0.0182301         -0.0162388         0.0342606          0.672366      0.156588            1.28222        0.358447
E1_BP_12.5_30                0.000802309          1.34991e-05       0.0721098         0.0679352         -0.00745811        0.0855235          0.731439      0.242213            1.14618        0.697037
E1_RTP                       0.0134199            0.00352788       -0.0040746         0.0515607          0.0213342         0.0352443          0.696909      0.239207            1.22           0.62467
E1_SPEC_MOM                  0.00418179           0.000287049       0.0832806         0.0908561         -0.0403961         0.0724741          0.758427      0.192191            1.03221        0.537733
E1_SPEC_EDGE                 1.13775e-06          0.00796879       -0.0327133         0.0453524         -0.0644831         0.0450481          0.718106      0.104983            0.913765       0.227016
E1_SPEC_ENT                  0.00380185           0.00889009        0.0140644         0.0636689          0.00523474        0.0525072          0.849643      0.169093            0.908629       0.238161
E1_SLOPE                     0.000890225          0.0161205        -0.0751337         0.0155909         -0.00717052        0.033224           0.545037      0.0771715           1.14993        0.282214
E1_INTERCEPT                 0.00057169           0.00642883        0.0568124         0.0224408          0.0341846         0.0285849          0.776557      0.174694            0.921408       0.296775
E1_MEAN_FREQ                 3.20727e-05          0.00848096        0.0943187         0.0156223         -0.029003          0.0224639          1.0048        0.180044            1.1737         0.23122
E1_OCC_BAND                  0.00264128           0.000100853       0.120549          0.0194024          0.00814147        0.032264           1.37707       0.415455            0.737795       0.225398
E1_POWER_BAND                0.00503464           0.00374168       -0.0791762         0.0235198          0.184649          0.0289525          0.669597      0.152722            1.25586        0.299693
E1_WLT_ENT                   0.010448             0.0103557        -0.0610037         0.0223923          0.1572            0.043585           0.797946      0.298727            1.11155        0.269089
E1_KURT                      0.00548548           0.00419338       -0.0656472         0.0116764          0.153229          0.0412574          0.534745      0.071651            1.4191         0.382204
E1_SKEW                      0.00471835           2.94478e-05      -0.0888601         0.0197257          0.159287          0.0284632          0.560414      0.194374            1.56668        0.593641
E1_VAR                       7.49491e-08          5.32468e-07      -0.042333          0.0109697          0.153392          0.0454109          0.600996      0.117739            1.49621        0.389138
E1_STD                       0.000554034          0.00263603       -0.0868768         0.0364241          0.157297          0.0161402          0.767172      0.227378            1.33573        0.430887
E1_LOG_ENE_ENT               0.00115454           0.000368326      -0.0630771         0.0207963          0.125154          0.0388129          0.830994      0.200612            1.23804        0.341763
E1_BETA_ALPHA_RATIO          0.000435165          3.99044e-05      -0.00600741        0.0301968          0.0768465         0.00482171         0.962756      0.344884            1.23017        0.469788
E1_BP_THETA                  0.00136718           0.00602253       -0.0615389         0.0116795          0.129851          0.0316008          0.755766      0.137821            1.23077        0.398736
E2_BP_15.5_18.5              0.000173364          0.000792533      -0.0385178         0.00824368         0.0259735         0.0263993          0.889447      0.156389            1.276          0.38459
E2_BP_8_10.5                 0.00150925           9.21078e-05       0.0595632         0.0260328         -0.0811936         0.0105154          0.913244      0.131779            0.865297       0.0380735
E2_BP_10_15.5                1.51852e-06          0.00011634        0.0300982         0.0225927         -0.133876          0.0249622          1.07709       0.12628             0.927097       0.0249801
E2_BP_17.5_20.5              0.000142687          0.00280755        0.14316           0.0243708         -0.262725          0.00818874         1.15587       0.209575            0.663134       0.060883
E2_BP_12.5_30                0.00158584           9.40849e-06       0.0547829         0.0329747         -0.0977153         0.0417905          1.07803       0.243984            1.05284        0.3009
E2_RTP                       0.00200974           0.0069848         0.0430754         0.0243721         -0.119458          0.016248           1.12136       0.411174            0.654398       0.0693129
E2_SPEC_MOM                  0.0028977            0.00113203        0.0131446         0.026699          -0.0767697         0.0262483          1.09902       0.147855            0.845959       0.150602
E2_SPEC_EDGE                 0.000374807          0.00383385       -0.0366427         0.02741           -0.0864184         0.0270861          0.805859      0.161884            1.18168        0.182197
E2_SPEC_ENT                  0.00647355           0.000194499       0.0125625         0.0657353         -0.129499          0.0152991          0.900579      0.206324            0.849385       0.092701
E2_SLOPE                     0.00144541           0.0104736        -0.0261288         0.0528936         -0.0350345         0.0627143          1.11155       0.433019            0.981131       0.380122
E2_INTERCEPT                 5.72099e-07          0.0066884        -0.0755306         0.00315149        -0.0430333         0.024029           0.737405      0.0933557           0.766452       0.157299
E2_MEAN_FREQ                 0.00490744           0.0013151        -0.0251509         0.0150247         -0.02019           0.0441583          0.967822      0.150714            0.961773       0.16028
E2_OCC_BAND                  0.000588562          0.00241803       -0.0154172         0.0172878         -0.0552955         0.0183812          1.03301       0.176676            0.689938       0.0958151
E2_POWER_BAND                0.00808727           0.00373263       -0.144308          0.0362954         -0.00833556        0.0294806          0.959824      0.222979            0.709163       0.0459803
E2_WLT_ENT                   0.00527631           0.0145667        -0.0855066         0.0231778         -0.0137011         0.0464022          0.843601      0.11254             0.767037       0.0762361
E2_KURT                      0.00110145           0.0121729        -0.0496969         0.0521089         -0.00725069        0.0476373          0.872963      0.37639             0.729541       0.193323
E2_SKEW                      0.000412772          0.0144033         0.0319757         0.0255787         -0.0499488         0.0503497          0.974321      0.332622            0.769406       0.304718
E2_VAR                       0.000853614          0.0204848        -0.0622381         0.026228           0.00953225        0.050568           0.722728      0.193528            0.940388       0.33431
E2_STD                       0.0221591            0.00403351       -0.0676533         0.0532216         -0.0378401         0.0174482          0.990864      0.283818            0.794283       0.062956
E2_LOG_ENE_ENT               0.000617848          0.014674         -0.0541458         0.0348696          0.0514698         0.0311248          0.764617      0.0555036           0.945802       0.0875278
E2_BETA_ALPHA_RATIO          0.00386236           0.022523          0.004845          0.0259433         -0.0678965         0.0434771          0.76899       0.126268            1.09755        0.442699
E2_BP_THETA                  1.04055e-05          0.0111446        -0.0967917         0.00354407         0.0854447         0.0219081          0.727856      0.100984            1.0348         0.236184
E3_BP_15.5_18.5              0.000233709          0.0104488        -0.0427202         0.0230206         -0.0197106         0.0176             0.743956      0.134146            1.16603        0.351801
E3_BP_8_10.5                 5.6441e-05           0.00786444       -0.10319           0.0165159         -0.0836898         0.0352123          0.794605      0.0586146           1.0967         0.391007
E3_BP_10_15.5                0.00334441           0.00275139       -0.0686049         0.0259286         -0.00920645        0.0045117          1.12566       0.286783            0.826811       0.175674
E3_BP_17.5_20.5              0.000220189          0.00241376        0.0240822         0.0249978         -0.0681746         0.00587859         1.08914       0.229948            0.782954       0.0525372
E3_BP_12.5_30                0.000291687          0.00016847        0.00280097        0.0314175         -0.0462931         0.0266889          1.182         0.367128            0.795409       0.234906
E3_RTP                       0.00483493           0.0199982        -0.112765          0.0289638          0.0433841         0.0255815          0.753711      0.310381            1.01823        0.538005
E3_SPEC_MOM                  0.00504446           0.00021902       -0.0318776         0.035336          -0.0674289         0.0301287          1.03362       0.22021             0.827895       0.122656
E3_SPEC_EDGE                 0.00018219           0.00169061       -0.0656005         0.0316938         -0.0332644         0.0124217          1.0263        0.247946            0.847009       0.0588409
E3_SPEC_ENT                  0.00019743           0.00121214       -0.0975923         0.0130207          0.0652336         0.0103595          1.15606       0.178766            0.837676       0.128221
E3_SLOPE                     1.83406e-05          0.00102649       -0.0632198         0.0229884         -0.0500216         0.0187208          0.924298      0.139879            0.911512       0.117365
E3_INTERCEPT                 0.000510611          0.0160551        -0.117438          0.0129508          0.00873462        0.0453123          1.13174       0.0601527           0.811726       0.0633573
E3_MEAN_FREQ                 0.00282532           0.00073985       -0.0180203         0.0190146         -0.00869387        0.0413338          1.00941       0.0788778           0.985532       0.113069
E3_OCC_BAND                  0.0012582            1.23672e-05      -0.0188837         0.0196035         -0.0312252         0.0200799          1.00419       0.054788            0.967028       0.0452358
E3_POWER_BAND                0.000341849          6.80089e-06      -0.336606          0.00749333        -0.245555          0.0621489          0.247029      0.0277967           0.930455       0.715086
E3_WLT_ENT                   1.17446e-05          0.0152461        -0.223305          0.0253675         -0.194698          0.0830882          0.739302      0.18953             0.798491       0.30741
E3_KURT                      0.00480469           0.000190843      -0.193213          0.0177565         -0.1679            0.0287431          0.735011      0.0593127           1.04114        0.0453668
E3_SKEW                      0.000189925          0.0029737        -0.159756          0.0101401         -0.095867          0.0413135          0.864062      0.0672319           1.10636        0.146581
E3_VAR                       0.00525957           0.00028033       -0.287172          0.0120901         -0.268931          0.0489308          0.597733      0.0962201           0.856977       0.123225
E3_STD                       0.00271428           0.000388944      -0.259728          0.0257347         -0.205086          0.0755977          0.502878      0.589132            0.963791       1.01178
E3_LOG_ENE_ENT               0.00295012           0.000144642      -0.249973          0.0162615         -0.226646          0.0808412          0.36795       0.236863            0.996037       1.01316
E3_BETA_ALPHA_RATIO          0.00023655           3.6815e-05       -0.285457          0.0178171         -0.212135          0.0942785          0.412079      0.243027            0.917406       0.854073
E3_BP_THETA                  0.00477313           0.00289334       -0.259055          0.0152955         -0.203248          0.0889536          0.464005      0.138793            1.04137        0.742548
E4_BP_15.5_18.5              0.00923471           1.26195e-05       0.0848614         0.0225966         -0.0335699         0.0387811          1.19104       0.143938            0.760525       0.177863
E4_BP_8_10.5                 0.00612881           0.00295604       -0.0131814         0.0128454          0.00487373        0.0312707          0.951419      0.225537            0.907873       0.0764552
E4_BP_10_15.5                0.00213951           6.16445e-06       0.309158          0.00997548         0.265148          0.0513504          0.783831      0.0774925           0.797624       0.0134616
E4_BP_17.5_20.5              0.011111             0.0247846         0.185479          0.0238382          0.142393          0.0751304          1.0762        0.207345            0.788085       0.107087
E4_BP_12.5_30                0.000379666          0.000450686       0.0597754         0.0121691          0.167237          0.0317091          0.844022      0.129854            1.13768        0.195003
E4_RTP                       0.00765486           0.000793475       0.0918234         0.0198359          0.0686376         0.0369294          1.08286       0.261897            1.11496        0.320324
E4_SPEC_MOM                  0.0163414            0.000924557       0.166659          0.0160217          0.183566          0.0487128          1.01588       0.123277            0.932861       0.126651
E4_SPEC_EDGE                 0.00216402           0.001981          0.283643          0.0314847          0.27671           0.0308298          0.805008      0.101323            0.760513       0.0638021
E4_SPEC_ENT                  0.00240157           0.000292026       0.223694          0.0200279          0.29565           0.036784           0.772719      0.141114            0.730529       0.0566382
E4_SLOPE                     0.000717314          0.00564272        0.270816          0.028051           0.263257          0.0487453          0.785463      0.059293            0.81361        0.0958243
E4_INTERCEPT                 0.0020072            2.04535e-05       0.22841           0.0546065          0.282587          0.0463714          0.746061      0.0388679           0.902253       0.0309364
E4_MEAN_FREQ                 0.0159232            0.00248199        0.0869445         0.0238733         -0.0419729         0.0324652          1.21305       0.162624            0.712116       0.237187
E4_OCC_BAND                  0.00791493           0.00197267       -0.0038178         0.00950569        -0.0035271         0.0273053          0.996794      0.256242            0.869066       0.0889948
E4_POWER_BAND                0.000680952          1.36311e-06       0.274531          0.0108259          0.280119          0.0575094          0.81872       0.0445469           0.919047       0.022937
E4_WLT_ENT                   0.015121             0.0174413         0.159593          0.0271199          0.128747          0.0657414          1.15595       0.301342            0.822867       0.137324
E4_KURT                      2.03358e-06          0.000983381       0.01601           0.014781           0.175619          0.0470292          0.809786      0.274868            1.19786        0.327133
E4_SKEW                      0.00994472           0.00416009        0.00395742        0.0347206          0.098487          0.0457148          0.992756      0.454469            1.26036        0.744126
E4_VAR                       0.0141082            0.00226941        0.147955          0.0244936          0.168258          0.0669197          1.05144       0.216132            0.926913       0.253074
E4_STD                       0.0010874            0.00119716        0.248014          0.030997           0.296817          0.0230462          0.805453      0.0719352           0.817567       0.0532765
E4_LOG_ENE_ENT               0.00327063           6.09537e-05       0.185138          0.0221071          0.323662          0.0335731          0.787265      0.100288            0.778076       0.0430974
E4_BETA_ALPHA_RATIO          0.00109412           0.00461613        0.254135          0.0312769          0.293832          0.0407504          0.778402      0.0466531           0.876464       0.0950371
E4_BP_THETA                  0.00460022           0.000261224       0.198306          0.0545509          0.313326          0.0402931          0.790349      0.0459585           0.927996       0.0427511
E5_BP_15.5_18.5              0.00947625           7.56716e-06       0.0855779         0.0235321         -0.0315325         0.0428983          1.15529       0.112628            0.797478       0.142689
E5_BP_8_10.5                 0.00842205           0.00236648       -0.00316281        0.0117208          0.0198758         0.032143           0.914767      0.117068            1.01266        0.0714366
E5_BP_10_15.5                0.00197903           1.0035e-05        0.315574          0.0148765          0.256613          0.0548188          0.719614      0.0666482           0.75987        0.0336822
E5_BP_17.5_20.5              0.00636381           0.0248016         0.17583           0.0245478          0.139981          0.080503           1.0493        0.15922             0.808682       0.117291
E5_BP_12.5_30                0.00114472           1.51006e-08       0.0649384         0.0146268          0.137654          0.027394           0.91493       0.0665869           1.14875        0.115681
E5_RTP                       0.00546459           0.00027556        0.0663959         0.0171976          0.0413525         0.0375346          1.07462       0.14926             1.10276        0.177544
E5_SPEC_MOM                  0.0157334            0.00288816        0.148471          0.0192877          0.150456          0.0473534          1.02696       0.0841083           0.94162        0.066668
E5_SPEC_EDGE                 0.00274818           0.00145141        0.279162          0.0336524          0.2635            0.038002           0.745699      0.116804            0.742028       0.128163
E5_SPEC_ENT                  0.0014627            8.38786e-05       0.229755          0.0207025          0.285138          0.0414779          0.704536      0.0985129           0.733226       0.132436
E5_SLOPE                     0.000587396          0.0040083         0.271683          0.0300913          0.244059          0.0552966          0.758254      0.0862391           0.774016       0.120912
E5_INTERCEPT                 0.00171415           0.000261916       0.239109          0.0558077          0.262038          0.0493853          0.727531      0.0488499           0.858246       0.0571715
E5_MEAN_FREQ                 0.00613323           0.00209218        0.00798903        0.0201009          0.0252798         0.0213653          1.03461       0.0645534           0.912685       0.0841263
E5_OCC_BAND                  4.47902e-06          0.000858125      -0.00515367        0.0433551         -0.0119134         0.0139674          1.14071       0.0842362           0.784013       0.0255518
E5_POWER_BAND                0.00704524           0.00761984        0.318461          0.0136044          0.191152          0.0327345          0.769866      0.0831064           0.782495       0.0764046
E5_WLT_ENT                   0.0244477            0.030587          0.280912          0.0161511          0.174809          0.063699           0.866119      0.136511            0.787701       0.0538051
E5_KURT                      0.00213034           0.0088917         0.17535           0.00577626         0.204616          0.042594           0.751829      0.0969426           1.01359        0.0211164
E5_SKEW                      0.00246608           0.00225357        0.273078          0.00978115         0.190372          0.0367881          0.812245      0.092344            0.858374       0.0382969
E5_VAR                       0.0101779            0.000579583       0.246428          0.00536313         0.256603          0.0362075          0.807681      0.0647959           0.891107       0.0597192
E5_STD                       0.000114271          0.00408675        0.264157          0.00876625         0.248223          0.0317341          0.729673      0.0828557           0.838228       0.145019
E5_LOG_ENE_ENT               8.05713e-05          0.000294235       0.213417          0.00894227         0.223153          0.0285967          0.864347      0.20699             0.756034       0.15379
E5_BETA_ALPHA_RATIO          0.00160971           4.08451e-05       0.269615          0.00667999         0.234981          0.0572551          0.784877      0.12748             0.747082       0.171542
E5_BP_THETA                  0.00227233           0.00320341        0.239523          0.0169154          0.19921           0.0447666          0.778703      0.220231            0.809928       0.111994
E6_BP_15.5_18.5              0.00452472           0.000970767      -0.0360958         0.0161807         -0.0292524         0.0357141          1.0155        0.0559214           0.946959       0.0670219
E6_BP_8_10.5                 2.18302e-05          0.000446746      -0.0091682         0.0248552         -0.0241071         0.0258435          1.10441       0.0688667           0.941547       0.0542331
E6_BP_10_15.5                0.00122949           0.00574558       -0.36503           0.0142265         -0.27618           0.0468857          0.510572      0.0340905           0.780426       0.146754
E6_BP_17.5_20.5              0.00400532           0.0308356        -0.274636          0.0142821         -0.239793          0.0729537          0.820459      0.148579            0.742575       0.129348
E6_BP_12.5_30                0.000890952          0.00584332       -0.206568          0.00592605        -0.240799          0.0457198          0.750806      0.0412291           1.05455        0.00994258
E6_RTP                       1.05151e-06          0.00691051       -0.256422          0.00883433        -0.173265          0.0529437          0.827567      0.046039            1.02574        0.0464308
E6_SPEC_MOM                  0.00660672           0.000899944      -0.321033          0.00897792        -0.317738          0.0547232          0.681541      0.0193754           0.840911       0.0728346
E6_SPEC_EDGE                 0.00283451           0.00394924       -0.313386          0.0132427         -0.298343          0.0566723          0.550649      0.0850995           0.826766       0.287243
E6_SPEC_ENT                  0.00516828           0.0021761        -0.266942          0.0153231         -0.285351          0.0507045          0.605994      0.162251            0.833406       0.259929
E6_SLOPE                     0.000584783          0.00106814       -0.325388          0.0152599         -0.285299          0.0830753          0.564941      0.0919642           0.786922       0.280277
E6_INTERCEPT                 0.00187065           0.00755206       -0.29246           0.0179886         -0.257073          0.0789579          0.612891      0.138875            0.877446       0.175209
E6_MEAN_FREQ                 0.00923471           1.26195e-05       0.0848614         0.0225966         -0.0335699         0.0387811          1.19104       0.143938            0.760525       0.177863
E6_OCC_BAND                  0.00612881           0.00295604       -0.0131814         0.0128454          0.00487373        0.0312707          0.951419      0.225537            0.907873       0.0764552
E6_POWER_BAND                0.00213951           6.16445e-06       0.309158          0.00997548         0.265148          0.0513504          0.783831      0.0774925           0.797624       0.0134616
E6_WLT_ENT                   0.011111             0.0247846         0.185479          0.0238382          0.142393          0.0751304          1.0762        0.207345            0.788085       0.107087
E6_KURT                      0.000379666          0.000450686       0.0597754         0.0121691          0.167237          0.0317091          0.844022      0.129854            1.13768        0.195003
E6_SKEW                      0.00765486           0.000793475       0.0918234         0.0198359          0.0686376         0.0369294          1.08286       0.261897            1.11496        0.320324
E6_VAR                       0.0163414            0.000924557       0.166659          0.0160217          0.183566          0.0487128          1.01588       0.123277            0.932861       0.126651
E6_STD                       0.00216402           0.001981          0.283643          0.0314847          0.27671           0.0308298          0.805008      0.101323            0.760513       0.0638021
E6_LOG_ENE_ENT               0.00240157           0.000292026       0.223694          0.0200279          0.29565           0.036784           0.772719      0.141114            0.730529       0.0566382
E6_BETA_ALPHA_RATIO          0.000717314          0.00564272        0.270816          0.028051           0.263257          0.0487453          0.785463      0.059293            0.81361        0.0958243
E6_BP_THETA                  0.0020072            2.04535e-05       0.22841           0.0546065          0.282587          0.0463714          0.746061      0.0388679           0.902253       0.0309364
E7_BP_15.5_18.5              0.0104538            7.6526e-05        0.0464778         0.0296369          0.0111534         0.040665           1.07605       0.0754974           0.846603       0.0452907
E7_BP_8_10.5                 0.00221221           5.89092e-06       0.0263078         0.0147534          0.00113162        0.0116451          0.982116      0.0497726           1.03275        0.0644379
E7_BP_10_15.5                0.00296414           7.93513e-05       0.341041          0.0135704          0.229916          0.0394997          0.420773      0.0587427           0.793706       0.442768
E7_BP_17.5_20.5              0.0028769            0.016666          0.260777          0.0168328          0.194166          0.0711352          0.82087       0.201362            0.647169       0.135089
E7_BP_12.5_30                0.0010026            0.000270974       0.161011          0.0161384          0.175057          0.0107495          0.857556      0.0655651           1.01747        0.0716125
E7_RTP                       6.60744e-05          8.94189e-07       0.172342          0.0126769          0.142232          0.024608           0.993191      0.0784917           0.939219       0.0405635
E7_SPEC_MOM                  0.000677179          0.00317115        0.211615          0.00527905         0.321484          0.0362394          0.786913      0.0422064           0.763213       0.0588395
E7_SPEC_EDGE                 0.000385182          1.58685e-08       0.244631          0.0265034          0.219752          0.0501734          0.63248       0.527738            0.844369       0.743969
E7_SPEC_ENT                  5.00331e-08          0.000419174       0.263045          0.00972532         0.213438          0.0607345          0.43795       0.170009            0.872814       0.723459
E7_SLOPE                     5.11658e-07          0.00251322        0.276491          0.0197501          0.223955          0.0761548          0.558141      0.256737            0.730021       0.497914
E7_INTERCEPT                 0.000152887          0.00026589        0.265272          0.0166019          0.200977          0.0614232          0.550846      0.142603            0.862381       0.459119
E7_MEAN_FREQ                 0.00988786           0.000298854      -0.0912851         0.0239234          0.0339675         0.0419062          1.14427       0.108769            0.800235       0.146536
E7_OCC_BAND                  0.00972766           0.00164212        0.00500979        0.0102195         -0.028471          0.034504           0.890574      0.0783202           1.04896        0.0881931
E7_POWER_BAND                0.00157931           7.54967e-05      -0.307752          0.0174259         -0.25785           0.0635564          0.646228      0.0722331           0.745729       0.094114
E7_WLT_ENT                   0.00497222           0.02355          -0.153333          0.0308441         -0.11739           0.0829124          1.07713       0.136688            0.836325       0.141589
E7_KURT                      0.00116024           0.000190723      -0.0304335         0.0155488         -0.115127          0.0285291          0.950985      0.0422606           1.19397        0.0961849
E7_SKEW                      0.00541339           0.000332563      -0.0130434         0.0239006          0.00969437        0.039774           1.06971       0.146683            1.07293        0.16017
E7_VAR                       0.019254             0.00487119       -0.107985          0.0325547         -0.106742          0.0596157          1.05156       0.0990254           0.930812       0.0592159
E7_STD                       0.00265464           0.000493581      -0.25805           0.0339511         -0.2639            0.0412426          0.70523       0.139799            0.700614       0.20802
E7_LOG_ENE_ENT               0.000726645          1.82504e-06      -0.226717          0.0237292         -0.28871           0.0450893          0.673012      0.102605            0.715119       0.229447
E7_BETA_ALPHA_RATIO          0.000975569          0.00467346       -0.265912          0.0308438         -0.241644          0.0586394          0.748079      0.110661            0.715612       0.146943
E7_BP_THETA                  0.00119716           0.000675178      -0.231556          0.0582773         -0.25575           0.0509242          0.733945      0.0775252           0.823295       0.0864043
E8_BP_15.5_18.5              0.00218277           0.00340106       -0.00521342        0.0184831          0.0188833         0.0387799          0.976944      0.284464            1.0296         0.415616
E8_BP_8_10.5                 0.000471128          0.00150379        0.0170275         0.0261584          0.0376632         0.0149307          1.10951       0.174076            0.862389       0.0930579
E8_BP_10_15.5                0.000859443          0.00087804        0.294043          0.00804579         0.181307          0.0704406          0.137063      0.0306763           1.04919        1.18157
E8_BP_17.5_20.5              6.96751e-05          0.00539431        0.18987           0.0286908          0.156109          0.0841638          0.610931      0.291934            0.902452       0.756103
E8_BP_12.5_30                0.00519243           5.23107e-05       0.203268          0.0175612          0.13043           0.0278834          0.597966      0.097612            0.945279       0.12764
E8_RTP                       0.000324314          0.00431827        0.148578          0.0124641          0.0660043         0.0446333          0.693457      0.170955            1.22369        0.474933
E8_SPEC_MOM                  0.00601312           0.000624765       0.277199          0.0123023          0.239888          0.0498855          0.440039      0.095321            0.860488       0.337832
E8_SPEC_EDGE                 0.00163574           0.000155117       0.209666          0.0355109          0.136792          0.0789479          0.466279      0.917538            1.0319         1.40101
E8_SPEC_ENT                  0.000909144          2.70974e-05       0.214745          0.0197597          0.16111           0.0860372          0.349198      0.489696            1.03333        1.41569
E8_SLOPE                     0.00016248           4.68674e-05       0.231307          0.0244192          0.156391          0.0828024          0.394184      0.59529             0.998599       1.28461
E8_INTERCEPT                 0.00385896           0.00151597        0.209865          0.0106096          0.135049          0.0847247          0.472036      0.275111            1.11767        1.091
E8_MEAN_FREQ                 0.00210512           0.0124054        -0.0353994         0.0188789         -0.0298019         0.0474445          0.8165        0.205048            0.802529       0.200743
E8_OCC_BAND                  0.00980967           0.000262305      -0.0381799         0.028363           0.0696415         0.0180409          0.959082      0.176407            1.10001        0.279306
E8_POWER_BAND                0.00168822           0.0107847        -0.0451664         0.0364049         -0.188156          0.0159377          0.883558      0.17926             0.563358       0.121749
E8_WLT_ENT                   0.00785102           0.00137293        0.0386556         0.0107061         -0.0498906         0.0209375          0.905385      0.0890431           0.8933         0.138704
E8_KURT                      0.00409581           0.00150137       -0.0309746         0.0135523          0.0549753         0.036042           0.885163      0.148039            0.853944       0.314675
E8_SKEW                      0.00267119           0.00658995       -0.00430704        0.0280604         -0.00218618        0.0427581          0.927131      0.322161            0.808416       0.180871
E8_VAR                       0.0146041            0.00358262       -0.0839148         0.0321928         -0.0155185         0.0169573          0.94412       0.210484            0.931065       0.132784
E8_STD                       0.00285454           0.00281041       -0.0339596         0.0533393         -0.144921          0.0153056          0.763269      0.0983482           0.581895       0.128697
E8_LOG_ENE_ENT               6.56209e-05          0.00139171       -0.03157           0.0574174         -0.0933034         0.00358017         1.04085       0.465002            0.491598       0.0602976
E8_BETA_ALPHA_RATIO          0.00116662           0.0071959         0.0190844         0.0177482         -0.136164          0.0337535          0.844601      0.200393            0.595068       0.160684
E8_BP_THETA                  0.00875807           0.000660829      -0.0423583         0.0680806         -0.00409037        0.0354492          0.719759      0.284146            0.798832       0.403928
E9_BP_15.5_18.5              0.00788593           0.00150979        0.0420209         0.00854152        -0.0646593         0.0249041          1.0733        0.105349            0.94706        0.0524099
E9_BP_8_10.5                 0.00167129           0.000681454      -0.000671153       0.0118071         -0.060777          0.0152391          0.951932      0.132715            1.11875        0.0882735
E9_BP_10_15.5                0.000400096          0.00159129        0.145858          0.0451489          0.16253           0.0228687          0.867846      0.0687339           0.742418       0.0749976
E9_BP_17.5_20.5              0.00614597           0.00055148       -0.077787          0.0393785          0.0157693         0.0158247          1.03624       0.101507            0.907835       0.0229262
E9_BP_12.5_30                0.00349501           0.00116334       -0.0557841         0.00790734         0.107845          0.0184043          0.972882      0.0463493           0.997948       0.0882052
E9_RTP                       0.0119557            0.00109508        0.000783406       0.0179238          0.0553378         0.00447911         1.0143        0.0460947           0.947563       0.0627203
E9_SPEC_MOM                  0.00857565           0.00378841        0.115183          0.0210715          0.0859058         0.0156903          0.986967      0.0729441           0.915448       0.114954
E9_SPEC_EDGE                 0.0052423            0.00691407        0.0460641         0.0228658          0.156539          0.0301069          0.725322      0.0486563           0.858641       0.106438
E9_SPEC_ENT                  0.00389999           0.00664729        0.117624          0.0387401          0.113333          0.0287802          0.922928      0.228751            0.697433       0.0646954
E9_SLOPE                     0.0135142            0.0452407         0.0510889         0.0300914          0.10058           0.0600423          0.841707      0.0872985           0.759021       0.169352
E9_INTERCEPT                 1.19577e-06          0.0165439         0.0525873         0.0445659          0.136332          0.0369178          0.822533      0.144374            0.910836       0.124629
E9_MEAN_FREQ                 0.00194001           0.00253878        0.00271256        0.0188443         -0.0153205         0.0373352          0.989707      0.239933            1.03961        0.352146
E9_OCC_BAND                  0.000570558          0.00107475       -0.0179288         0.0255922         -0.0352045         0.0150451          1.09447       0.147716            0.888186       0.0776555
E9_POWER_BAND                0.0011868            0.000514069      -0.302311          0.00809279        -0.191364          0.0687985          0.139255      0.0213683           1.03616        1.13087
E9_WLT_ENT                   0.000261332          0.00592768       -0.193116          0.0283443         -0.167715          0.080472           0.635514      0.262161            0.888468       0.674403
E9_KURT                      0.00510831           3.11853e-05      -0.202548          0.017729          -0.138258          0.0275184          0.625549      0.102396            0.955084       0.118533
E9_SKEW                      0.000338634          0.00431038       -0.149662          0.0129989         -0.0712395         0.0425018          0.735687      0.156939            1.19338        0.399761
E9_VAR                       0.0058463            0.000379112      -0.27739           0.0125521         -0.247049          0.0484405          0.475628      0.107459            0.852765       0.281765
E9_STD                       0.00155656           0.000268655      -0.216641          0.0337811         -0.147918          0.0786751          0.475273      0.876821            1.02816        1.35454
E9_LOG_ENE_ENT               0.00106917           3.76667e-06      -0.222118          0.0171548         -0.173136          0.0869558          0.332198      0.381999            1.0363         1.36926
E9_BETA_ALPHA_RATIO          7.30448e-05          9.0499e-05       -0.244524          0.0210564         -0.170501          0.0855173          0.375321      0.448778            0.991893       1.22144
E9_BP_THETA                  0.0037428            0.00167631       -0.218455          0.0116928         -0.148323          0.085793           0.47177       0.261649            1.09764        1.05172
E10_BP_15.5_18.5             0.00327307           0.000691903      -0.0241703         0.0185447         -0.0107018         0.0409595          1.01581       0.0814646           0.983092       0.0950495
E10_BP_8_10.5                0.00127935           7.56122e-06      -0.0250103         0.0204205         -0.029199          0.0184303          1.01426       0.0590171           0.967588       0.0455052
E10_BP_10_15.5               0.000951812          4.64895e-05      -0.335917          0.00773832        -0.247081          0.0623125          0.245508      0.0269494           0.93535        0.73472
E10_BP_17.5_20.5             4.34691e-05          0.0137255        -0.224469          0.0246614         -0.200358          0.0807771          0.751509      0.189366            0.797057       0.319585
E10_BP_12.5_30               0.00377221           5.4799e-05       -0.19995           0.0161049         -0.166806          0.0274734          0.734066      0.0631753           1.04481        0.0464598
E10_RTP                      0.000121036          0.00283766       -0.162216          0.010451          -0.100109          0.0394819          0.860275      0.0678569           1.09698        0.132138
E10_SPEC_MOM                 0.00628852           0.000220185      -0.285665          0.0127087         -0.271369          0.0471381          0.600598      0.097753            0.864804       0.127268
E10_SPEC_EDGE                0.00176004           0.000404808      -0.260155          0.0249791         -0.206597          0.0757281          0.50385       0.576606            0.965479       1.02434
E10_SPEC_ENT                 0.0022194            8.53513e-05      -0.248578          0.0146473         -0.227522          0.0814921          0.365902      0.217167            0.994163       1.02842
E10_SLOPE                    0.000177555          9.58303e-05      -0.285875          0.0172535         -0.213413          0.0925011          0.415043      0.244836            0.921675       0.873235
E10_INTERCEPT                0.00384894           0.00256922       -0.257069          0.0139171         -0.201529          0.0860197          0.474499      0.149898            1.04263        0.761428
E10_MEAN_FREQ                0.0053052            5.70246e-05      -0.0155228         0.0257249         -0.0317672         0.0534228          1.0744        0.0404552           0.917829       0.0346032
E10_OCC_BAND                 0.005963             0.00102105        0.0106422         0.016666          -0.0446529         0.0419969          0.978828      0.0587345           0.996332       0.0236484
E10_POWER_BAND               0.00253907           0.00636717       -0.3576            0.019628          -0.237574          0.0491728          0.463111      0.0346851           0.660922       0.151841
E10_WLT_ENT                  0.000133732          0.0214595        -0.222363          0.0224583         -0.210204          0.0773154          0.883747      0.147682            0.706748       0.109302
E10_KURT                     0.000938843          0.000511791      -0.126298          0.015607          -0.22723           0.0438274          0.930472      0.0146188           0.957428       0.0292449
E10_SKEW                     0.00161832           1.79081e-09      -0.113268          0.00953561        -0.141734          0.0499479          1.06045       0.0464523           0.987204       0.0267477
E10_VAR                      0.0121251            0.000524233      -0.194163          0.0170674         -0.270293          0.0492296          0.824896      0.0859465           0.866982       0.0245459
E10_STD                      0.00128582           0.00159499       -0.290647          0.0255436         -0.270648          0.0391026          0.558627      0.121611            0.717316       0.261875
E10_LOG_ENE_ENT              0.00386888           0.00151738       -0.242013          0.0160267         -0.307151          0.0415657          0.484868      0.0739266           0.759983       0.267326
E10_BETA_ALPHA_RATIO         0.00110094           0.000219162      -0.309635          0.0309561         -0.253599          0.055847           0.513442      0.0699131           0.728245       0.253073
E10_BP_THETA                 0.00488401           0.00482434       -0.265638          0.0275654         -0.284088          0.0515007          0.571152      0.0838583           0.765078       0.219882
E11_BP_15.5_18.5             0.00222143           0.0013331        -0.168486          0.0183903          0.160054          0.0103602          0.653985      0.118514            1.40725        0.0825409
E11_BP_8_10.5                0.00209733           0.00874814       -0.0358745         0.0117414         -0.0892682         0.0343045          1.0695        0.229613            0.804875       0.237068
E11_BP_10_15.5               0.0112477            0.0122637        -0.014396          0.0174462         -0.112786          0.0369516          0.869484      0.159547            0.890948       0.0983625
E11_BP_17.5_20.5             0.00141264           0.0204666         0.0455786         0.0157834         -0.135078          0.0288061          1.1046        0.223675            0.717391       0.100845
E11_BP_12.5_30               0.000978496          0.0263152         0.00478333        0.0314902         -0.0814486         0.0357535          0.979016      0.351325            0.932053       0.157849
E11_RTP                      0.0227413            0.00208982       -0.0904024         0.0357425         -0.0115476         0.0481657          0.596824      0.15575             1.24908        0.350016
E11_SPEC_MOM                 0.00226274           0.0108933        -0.0459663         0.0228052         -0.0865545         0.0296824          0.722761      0.191693            0.876706       0.465892
E11_SPEC_EDGE                0.0045749            0.0130053         0.00210606        0.0112085         -0.0639107         0.0328339          0.685342      0.0640938           1.13299        0.24523
E11_SPEC_ENT                 0.0225537            0.0112409        -0.056914          0.0244787         -0.027127          0.0284338          0.758148      0.0652557           0.999254       0.0720144
E11_SLOPE                    0.000626872          0.0117315        -0.0890779         0.0189202          0.0402985         0.0345141          0.577454      0.0477579           1.29498        0.150646
E11_INTERCEPT                1.74504e-05          0.0144525        -0.051866          0.00870779        -0.108045          0.0216549          0.747466      0.110433            0.665159       0.272785
E11_MEAN_FREQ                0.0016131            7.04516e-06       0.00377586        0.0313471          0.0041799         0.0247745          0.672692      0.21962             1.24567        0.856595
E11_OCC_BAND                 0.00335751           8.8092e-05        0.00699145        0.0333798          0.00525997        0.0188768          1.4051        0.324211            0.731623       0.104527
E11_POWER_BAND               0.00230894           0.0246323        -0.176434          0.0559976         -0.155044          0.0253878          0.557807      0.216478            0.570786       0.0737467
E11_WLT_ENT                  3.58406e-05          0.0265239        -0.196505          0.0367322         -0.200511          0.01978            0.598527      0.273681            0.543874       0.057326
E11_KURT                     0.00170496           0.0325759        -0.196635          0.0343205         -0.190689          0.0317248          0.56399       0.189576            0.583453       0.0748952
E11_SKEW                     0.00221466           0.0142185        -0.198944          0.0146696         -0.119465          0.0634001          0.374073      0.166045            1.13418        1.0087
E11_VAR                      1.30479e-07          0.0188794        -0.218784          0.0366886         -0.218227          0.0249379          0.440582      0.127183            0.572674       0.0818775
E11_STD                      0.00341966           0.0325092        -0.212289          0.0352969         -0.197874          0.0240981          0.510337      0.203601            0.472236       0.0529068
E11_LOG_ENE_ENT              0.00366146           0.0304475        -0.176297          0.0409969         -0.192311          0.0228828          0.610158      0.301104            0.515657       0.0486484
E11_BETA_ALPHA_RATIO         0.00851969           0.0262345        -0.224299          0.0305957         -0.193132          0.0221753          0.397701      0.087336            0.589338       0.0655837
E11_BP_THETA                 0.0206238            0.0145231        -0.123641          0.0541724         -0.171076          0.0174882          0.526783      0.186403            0.58782        0.104703