[ 90   6  39   7  11  33  44 112  53  41]
['E4_BP_THETA' 'E1_BP_17.5_20.5' 'E2_WLT_ENT' 'E1_BP_12.5_30'
 'E1_SPEC_ENT' 'E2_SPEC_ENT' 'E2_LOG_ENE_ENT' 'E5_BP_THETA' 'E3_SPEC_MOM'
 'E2_SKEW']
Running online classification! DT NCA
Running online classification! DT STA
Running online classification! DT
Running online classification! KNN-5 NCA
Running online classification! KNN-5 STA
Running online classification! KNN-5
Running online classification! KNN-7 NCA
Running online classification! KNN-7 STA
Running online classification! KNN-7
Running online classification! LDA NCA
Running online classification! LDA STA
Running online classification! LDA
Running online classification! NB NCA
Running online classification! NB STA
Running online classification! NB
Running online classification! QDA NCA
Running online classification! QDA STA
Running online classification! QDA
Running online classification! RF NCA
Running online classification! RF STA
Running online classification! RF
Running online classification! SVC NCA
Running online classification! SVC STA
Running online classification! SVC

Classifier      Success Rate  Classifier Prediction                                                                                                       Test Labels                                                                                                                 Sub Labels
------------  --------------  --------------------------------------------------------------------------------------------------------------------------  --------------------------------------------------------------------------------------------------------------------------  ----------------------------------------------------------------------------------------------------------------------------------------------------------------------------------------------------------------------------------------------------
DT NCA              0.433333  [3 3 2 2 3 2 1 3 1 3 2 2 3 2 2 3 2 3 2 3 3 2 3 2 2 2 3 1 3 3 2 2 3 3 3 2 2  2 3 2 2 3 3 2 3 3 2 1 3 2 3 2 2 3 2 3 2 3 3 2]  [3 1 1 1 3 2 2 3 1 2 2 2 1 1 1 2 1 3 1 3 2 2 3 3 2 3 2 3 3 2 2 2 1 3 1 3 1  2 3 3 1 2 3 1 3 3 1 2 3 1 1 1 2 3 2 2 1 2 3 1]  [  0   2   1   1   0   0 255   0   0   1   0   0   2   1   1   1   1   0    1   0   1   0   0 255   0 255   1 254   0   1   0   0   2   0   2 255    1   0   0 255   1   1   0   1   0   0   1 255   0   1   2   1   0   0    0   1   1   1   0   1]
DT STA              0.316667  [2 2 3 3 2 2 2 2 3 2 2 2 2 3 3 2 3 2 3 2 2 2 3 3 3 3 2 2 3 3 2 3 3 3 3 2 3  3 2 2 3 3 1 3 2 2 3 2 2 2 3 3 2 3 3 3 2 2 2 3]  [3 1 1 1 3 2 2 3 1 2 2 2 1 1 1 2 1 3 1 3 2 2 3 3 2 3 2 3 3 2 2 2 1 3 1 3 1  2 3 3 1 2 3 1 3 3 1 2 3 1 1 1 2 3 2 2 1 2 3 1]  [255   1   2   2 255   0   0 255   2   0   0   0   1   2   2   0   2 255    2 255   0   0   0   0   1   0   0 255   0   1   0   1   2   0   2 255    2   1 255 255   2   1 254   2 255 255   2   0 255   1   2   2   0   0    1   1   1   0 255   2]
DT                  0.366667  [3 2 1 1 3 2 2 2 2 1 1 2 2 2 1 3 1 1 2 1 1 1 3 2 1 3 1 2 2 1 1 1 1 3 3 2 2  1 2 2 1 3 3 2 2 3 1 1 2 3 3 1 2 1 1 2 2 2 2 1]  [3 1 1 1 3 2 2 3 1 2 2 2 1 1 1 2 1 3 1 3 2 2 3 3 2 3 2 3 3 2 2 2 1 3 1 3 1  2 3 3 1 2 3 1 3 3 1 2 3 1 1 1 2 3 2 2 1 2 3 1]  [  0   1   0   0   0   0   0 255   1 255 255   0   1   1   0   1   0 254    1 254 255 255   0 255 255   0 255 255 255 255 255 255   0   0   2 255    1 255 255 255   0   1   0   1 255   0   0 255 255   2   2   0   0 254  255   0   1   0 255   0]
KNN-5 NCA           0.25      [1 2 1 1 1 1 1 1 1 1 3 1 1 1 2 1 2 1 2 1 1 2 1 1 2 1 1 1 1 1 1 1 1 1 1 1 1  3 1 2 1 1 2 2 1 3 2 1 1 1 3 1 1 1 1 1 1 1 1 2]  [3 1 1 1 3 2 2 3 1 2 2 2 1 1 1 2 1 3 1 3 2 2 3 3 2 3 2 3 3 2 2 2 1 3 1 3 1  2 3 3 1 2 3 1 3 3 1 2 3 1 1 1 2 3 2 2 1 2 3 1]  [254   1   0   0 254 255 255 254   0 255   1 255   0   0   1 255   1 254    1 254 255   0 254 254   0 254 255 254 254 255 255 255   0 254   0 254    0   1 254 255   0 255 255   1 254   0   1 255 254   0   2   0 255 254  255 255   0 255 254   1]
KNN-5 STA           0.3       [1 2 2 1 2 2 1 3 1 2 1 1 2 1 1 1 1 2 2 2 3 2 3 3 1 1 2 1 3 1 1 1 1 1 2 1 1  1 1 2 1 1 1 2 2 1 3 2 2 2 2 2 1 1 1 3 2 1 2 1]  [3 1 1 1 3 2 2 3 1 2 2 2 1 1 1 2 1 3 1 3 2 2 3 3 2 3 2 3 3 2 2 2 1 3 1 3 1  2 3 3 1 2 3 1 3 3 1 2 3 1 1 1 2 3 2 2 1 2 3 1]  [254   1   1   0 255   0 255   0   0   0 255 255   1   0   0 255   0 255    1 255   1   0   0   0 255 254   0 254   0 255 255 255   0 254   1 254    0 255 254 255   0 255 254   1 255 254   2   0 255   1   1   1 255 254  255   1   1 255 255   0]
KNN-5               0.45      [2 2 1 1 3 3 2 3 2 1 1 1 3 1 1 3 1 1 1 3 1 1 3 1 1 2 2 2 1 2 3 1 1 3 2 2 1  1 2 3 1 3 3 1 2 3 1 2 2 3 3 1 1 2 2 3 3 2 2 1]  [3 1 1 1 3 2 2 3 1 2 2 2 1 1 1 2 1 3 1 3 2 2 3 3 2 3 2 3 3 2 2 2 1 3 1 3 1  2 3 3 1 2 3 1 3 3 1 2 3 1 1 1 2 3 2 2 1 2 3 1]  [255   1   0   0   0   1   0   0   1 255 255 255   2   0   0   1   0 254    0   0 255 255   0 254 255 255   0 255 254   0   1 255   0   0   1 255    0 255 255   0   0   1   0   0 255   0   0   0 255   2   2   0 255 255    0   1   2   0 255   0]
KNN-7 NCA           0.316667  [1 1 1 1 3 2 1 1 1 1 3 1 1 3 1 1 2 1 1 1 1 3 1 1 2 1 1 1 1 2 1 2 1 1 2 1 1  3 1 1 1 1 1 2 1 3 2 1 1 1 1 2 1 1 1 1 1 1 1 2]  [3 1 1 1 3 2 2 3 1 2 2 2 1 1 1 2 1 3 1 3 2 2 3 3 2 3 2 3 3 2 2 2 1 3 1 3 1  2 3 3 1 2 3 1 3 3 1 2 3 1 1 1 2 3 2 2 1 2 3 1]  [254   0   0   0   0   0 255 254   0 255   1 255   0   2   0 255   1 254    0 254 255   1 254 254   0 254 255 254 254   0 255   0   0 254   1 254    0   1 254 254   0 255 254   1 254   0   1 255 254   0   0   1 255 254  255 255   0 255 254   1]
KNN-7 STA           0.283333  [2 2 2 1 2 2 2 2 1 2 1 2 2 1 3 2 3 1 2 1 3 3 3 3 3 2 2 2 3 3 1 2 2 2 2 2 3  3 2 2 3 1 1 2 2 2 3 2 2 1 2 1 1 1 1 3 2 2 2 3]  [3 1 1 1 3 2 2 3 1 2 2 2 1 1 1 2 1 3 1 3 2 2 3 3 2 3 2 3 3 2 2 2 1 3 1 3 1  2 3 3 1 2 3 1 3 3 1 2 3 1 1 1 2 3 2 2 1 2 3 1]  [255   1   1   0 255   0   0 255   0   0 255   0   1   0   2   0   2 254    1 254   1   1   0   0   1 255   0 255   0   1 255   0   1 255   1 255    2   1 255 255   2 255 254   1 255 255   2   0 255   0   1   0 255 254  255   1   1   0 255   2]
KNN-7               0.366667  [2 2 1 3 3 3 3 2 3 1 1 1 2 1 1 3 1 1 1 3 1 1 3 1 1 2 2 2 1 2 1 1 1 3 3 2 1  1 2 3 1 3 3 1 2 3 1 2 2 3 3 1 1 1 3 3 3 1 2 1]  [3 1 1 1 3 2 2 3 1 2 2 2 1 1 1 2 1 3 1 3 2 2 3 3 2 3 2 3 3 2 2 2 1 3 1 3 1  2 3 3 1 2 3 1 3 3 1 2 3 1 1 1 2 3 2 2 1 2 3 1]  [255   1   0   2   0   1   1 255   2 255 255 255   1   0   0   1   0 254    0   0 255 255   0 254 255 255   0 255 254   0 255 255   0   0   2 255    0 255 255   0   0   1   0   0 255   0   0   0 255   2   2   0 255 254    1   1   2 255 255   0]
LDA NCA             0.216667  [2 2 2 3 2 3 1 2 1 2 3 2 2 3 3 2 3 1 2 2 3 3 2 3 2 1 2 1 2 2 2 3 3 2 2 1 2  3 1 1 3 1 2 3 2 2 3 1 2 2 2 3 2 2 2 2 3 2 2 2]  [3 1 1 1 3 2 2 3 1 2 2 2 1 1 1 2 1 3 1 3 2 2 3 3 2 3 2 3 3 2 2 2 1 3 1 3 1  2 3 3 1 2 3 1 3 3 1 2 3 1 1 1 2 3 2 2 1 2 3 1]  [255   1   1   2 255   1 255 255   0   0   1   0   1   2   2   0   2 254    1 255   1   1 255   0   0 254   0 254 255   0   0   1   2 255   1 254    1   1 254 254   2 255 255   2 255 255   2 255 255   1   1   2   0 255    0   0   2   0 255   1]
LDA STA             0.416667  [3 3 1 1 2 1 2 3 3 3 2 1 3 3 3 2 2 2 1 3 3 3 3 3 2 3 3 3 2 2 1 3 2 2 3 2 3  2 2 2 3 2 2 1 3 3 2 3 3 3 2 2 2 2 2 2 3 2 2 3]  [3 1 1 1 3 2 2 3 1 2 2 2 1 1 1 2 1 3 1 3 2 2 3 3 2 3 2 3 3 2 2 2 1 3 1 3 1  2 3 3 1 2 3 1 3 3 1 2 3 1 1 1 2 3 2 2 1 2 3 1]  [  0   2   0   0 255 255   0   0   2   1   0 255   2   2   2   0   1 255    0   0   1   1   0   0   0   0   1   0 255   0 255   1   1 255   2 255    2   0 255 255   2   0 255   0   0   0   1   1   0   2   1   1   0 255    0   0   2   0 255   2]
LDA                 0.466667  [2 2 1 1 3 1 2 3 1 1 2 1 2 1 1 3 1 2 2 3 2 1 3 3 1 1 3 2 2 2 1 1 1 3 2 2 1  1 2 2 1 3 3 1 2 3 1 3 2 3 3 3 2 2 3 2 1 2 2 1]  [3 1 1 1 3 2 2 3 1 2 2 2 1 1 1 2 1 3 1 3 2 2 3 3 2 3 2 3 3 2 2 2 1 3 1 3 1  2 3 3 1 2 3 1 3 3 1 2 3 1 1 1 2 3 2 2 1 2 3 1]  [255   1   0   0   0 255   0   0   0 255   0 255   1   0   0   1   0 255    1   0   0 255   0   0 255 254   1 255 255   0 255 255   0   0   1 255    0 255 255 255   0   1   0   0 255   0   0   1 255   2   2   2   0 255    1   0   0   0 255   0]
NB NCA              0.166667  [3 1 3 3 2 3 3 1 2 1 3 3 2 3 2 2 3 3 3 1 3 3 1 3 2 1 3 1 1 3 1 2 3 1 1 2 2  3 1 1 3 1 1 3 1 3 3 1 1 3 2 3 3 3 1 1 3 3 1 3]  [3 1 1 1 3 2 2 3 1 2 2 2 1 1 1 2 1 3 1 3 2 2 3 3 2 3 2 3 3 2 2 2 1 3 1 3 1  2 3 3 1 2 3 1 3 3 1 2 3 1 1 1 2 3 2 2 1 2 3 1]  [  0   0   2   2 255   1   1 254   1 255   1   1   1   2   1   0   2   0    2 254   1   1 254   0   0 254   1 254 254   1 255   0   2 254   0 255    1   1 254 254   2 255 254   2 254   0   2 255 254   2   1   2   1   0  255 255   2   1 254   2]
NB STA              0.483333  [2 2 2 1 2 2 2 2 1 2 2 2 2 1 1 2 1 2 2 2 2 2 2 3 2 2 2 1 3 2 2 1 1 1 2 2 1  1 2 2 1 1 1 1 2 1 3 2 2 2 1 2 2 1 3 3 1 2 2 1]  [3 1 1 1 3 2 2 3 1 2 2 2 1 1 1 2 1 3 1 3 2 2 3 3 2 3 2 3 3 2 2 2 1 3 1 3 1  2 3 3 1 2 3 1 3 3 1 2 3 1 1 1 2 3 2 2 1 2 3 1]  [255   1   1   0 255   0   0 255   0   0   0   0   1   0   0   0   0 255    1 255   0   0 255   0   0 255   0 254   0   0   0 255   0 254   1 255    0 255 255 255   0 255 254   0 255 254   2   0 255   1   0   1   0 254    1   1   0   0 255   0]
NB                  0.516667  [1 2 1 2 3 1 3 2 3 2 2 1 2 1 1 3 1 1 1 3 2 2 3 1 1 2 3 3 1 2 1 1 1 3 2 3 1  1 2 3 1 3 3 1 2 3 1 2 2 3 3 1 1 1 2 2 1 2 3 3]  [3 1 1 1 3 2 2 3 1 2 2 2 1 1 1 2 1 3 1 3 2 2 3 3 2 3 2 3 3 2 2 2 1 3 1 3 1  2 3 3 1 2 3 1 3 3 1 2 3 1 1 1 2 3 2 2 1 2 3 1]  [254   1   0   1   0 255   1 255   2   0   0 255   1   0   0   1   0 254    0   0   0   0   0 254 255 255   1   0 254   0 255 255   0   0   1   0    0 255 255   0   0   1   0   0 255   0   0   0 255   2   2   0 255 254    0   0   0   0   0   2]
QDA NCA             0.266667  [3 3 3 3 3 3 1 1 1 3 3 3 2 3 3 3 3 1 3 3 3 3 3 3 3 1 3 2 3 2 3 3 3 3 3 3 3  3 1 1 3 1 3 3 2 3 3 3 3 3 3 3 3 3 1 2 3 1 3 2]  [3 1 1 1 3 2 2 3 1 2 2 2 1 1 1 2 1 3 1 3 2 2 3 3 2 3 2 3 3 2 2 2 1 3 1 3 1  2 3 3 1 2 3 1 3 3 1 2 3 1 1 1 2 3 2 2 1 2 3 1]  [  0   2   2   2   0   1 255 254   0   1   1   1   1   2   2   1   2 254    2   0   1   1   0   0   1 254   1 255   0   0   1   1   2   0   2   0    2   1 254 254   2 255   0   2 255   0   2   1   0   2   2   2   1   0  255   0   2 255   0   1]
QDA STA             0.333333  [2 2 2 2 2 2 2 2 2 2 2 2 2 2 2 2 2 2 2 2 2 2 2 2 2 2 2 2 2 2 2 2 2 2 2 2 2  2 2 2 2 2 2 2 2 2 2 2 2 2 2 2 2 2 2 2 2 2 2 2]  [3 1 1 1 3 2 2 3 1 2 2 2 1 1 1 2 1 3 1 3 2 2 3 3 2 3 2 3 3 2 2 2 1 3 1 3 1  2 3 3 1 2 3 1 3 3 1 2 3 1 1 1 2 3 2 2 1 2 3 1]  [255   1   1   1 255   0   0 255   1   0   0   0   1   1   1   0   1 255    1 255   0   0 255 255   0 255   0 255 255   0   0   0   1 255   1 255    1   0 255 255   1   0 255   1 255 255   1   0 255   1   1   1   0 255    0   0   1   0 255   1]
QDA                 0.55      [3 1 1 1 3 3 1 3 2 1 3 2 2 1 1 3 3 3 1 3 3 1 3 3 2 1 2 1 3 2 2 2 1 2 1 2 1  2 3 1 1 3 2 1 1 3 3 3 1 3 3 3 3 3 3 1 1 2 3 1]  [3 1 1 1 3 2 2 3 1 2 2 2 1 1 1 2 1 3 1 3 2 2 3 3 2 3 2 3 3 2 2 2 1 3 1 3 1  2 3 3 1 2 3 1 3 3 1 2 3 1 1 1 2 3 2 2 1 2 3 1]  [  0   0   0   0   0   1 255   0   1 255   1   0   1   0   0   1   2   0    0   0   1 255   0   0   0 254   0 254   0   0   0   0   0 255   0 255    0   0   0 254   0   1 255   0 254   0   2   1 254   2   2   2   1   0    1 255   0   0   0   0]
RF NCA              0.316667  [2 2 2 2 1 3 1 3 1 3 3 2 2 2 2 1 2 2 2 3 3 2 3 3 2 1 2 1 3 3 2 2 3 3 3 2 2  3 2 1 3 2 1 2 3 3 2 1 2 2 1 3 2 2 2 3 2 1 1 2]  [3 1 1 1 3 2 2 3 1 2 2 2 1 1 1 2 1 3 1 3 2 2 3 3 2 3 2 3 3 2 2 2 1 3 1 3 1  2 3 3 1 2 3 1 3 3 1 2 3 1 1 1 2 3 2 2 1 2 3 1]  [255   1   1   1 254   1 255   0   0   1   1   0   1   1   1 255   1 255    1   0   1   0   0   0   0 254   0 254   0   1   0   0   2   0   2 255    1   1 255 254   2   0 254   1   0   0   1 255 255   1   0   2   0 255    0   1   1 255 254   1]
RF STA              0.416667  [3 2 3 1 3 2 2 3 1 3 2 2 2 1 3 2 3 2 2 3 3 3 3 3 2 2 3 3 3 2 2 3 1 2 2 2 3  3 2 3 3 3 1 3 3 3 2 3 3 3 3 2 3 1 1 3 2 2 2 3]  [3 1 1 1 3 2 2 3 1 2 2 2 1 1 1 2 1 3 1 3 2 2 3 3 2 3 2 3 3 2 2 2 1 3 1 3 1  2 3 3 1 2 3 1 3 3 1 2 3 1 1 1 2 3 2 2 1 2 3 1]  [  0   1   2   0   0   0   0   0   0   1   0   0   1   0   2   0   2 255    1   0   1   1   0   0   0 255   1   0   0   0   0   1   0 255   1 255    2   1 255   0   2   1 254   2   0   0   1   1   0   2   2   1   1 254  255   1   1   0 255   2]
RF                  0.483333  [3 2 1 2 3 2 2 3 1 1 1 1 2 1 1 3 1 1 1 3 2 1 3 1 1 2 2 2 1 2 1 1 1 3 3 2 1  1 2 2 1 3 3 1 2 3 1 1 2 3 3 1 1 1 1 2 1 2 2 1]  [3 1 1 1 3 2 2 3 1 2 2 2 1 1 1 2 1 3 1 3 2 2 3 3 2 3 2 3 3 2 2 2 1 3 1 3 1  2 3 3 1 2 3 1 3 3 1 2 3 1 1 1 2 3 2 2 1 2 3 1]  [  0   1   0   1   0   0   0   0   0 255 255 255   1   0   0   1   0 254    0   0   0 255   0 254 255 255   0 255 254   0 255 255   0   0   2 255    0 255 255 255   0   1   0   0 255   0   0 255 255   2   2   0 255 254  255   0   0   0 255   0]
SVC NCA             0.266667  [2 1 1 2 1 2 1 1 1 1 2 1 2 2 2 1 2 1 2 1 3 2 3 3 2 1 1 1 1 2 1 2 2 1 2 1 1  3 1 1 2 1 3 2 1 2 2 1 1 3 3 3 2 3 1 1 1 1 1 2]  [3 1 1 1 3 2 2 3 1 2 2 2 1 1 1 2 1 3 1 3 2 2 3 3 2 3 2 3 3 2 2 2 1 3 1 3 1  2 3 3 1 2 3 1 3 3 1 2 3 1 1 1 2 3 2 2 1 2 3 1]  [255   0   0   1 254   0 255 254   0 255   0 255   1   1   1 255   1 254    1 254   1   0   0   0   0 254 255 254 254   0 255   0   1 254   1 254    0   1 254 254   1 255   0   1 254 255   1 255 254   2   2   2   0   0  255 255   0 255 254   1]
SVC STA             0.433333  [2 2 1 1 2 2 2 1 2 2 2 2 2 1 1 2 1 2 2 2 3 2 3 3 3 3 2 2 3 3 2 3 1 2 2 2 1  3 2 2 1 1 1 1 2 2 3 3 2 2 1 2 2 1 1 1 2 2 2 1]  [3 1 1 1 3 2 2 3 1 2 2 2 1 1 1 2 1 3 1 3 2 2 3 3 2 3 2 3 3 2 2 2 1 3 1 3 1  2 3 3 1 2 3 1 3 3 1 2 3 1 1 1 2 3 2 2 1 2 3 1]  [255   1   0   0 255   0   0 254   1   0   0   0   1   0   0   0   0 255    1 255   1   0   0   0   1   0   0 255   0   1   0   1   0 255   1 255    0   1 255 255   0 255 254   0 255 255   2   1 255   1   0   1   0 254  255 255   1   0 255   0]
SVC                 0.416667  [2 2 1 1 3 1 3 3 2 1 1 1 2 1 1 3 1 1 1 3 1 1 3 3 1 2 3 2 1 2 3 1 1 3 2 2 1  1 2 3 1 3 2 1 2 3 1 2 2 3 3 1 1 2 3 2 3 2 2 1]  [3 1 1 1 3 2 2 3 1 2 2 2 1 1 1 2 1 3 1 3 2 2 3 3 2 3 2 3 3 2 2 2 1 3 1 3 1  2 3 3 1 2 3 1 3 3 1 2 3 1 1 1 2 3 2 2 1 2 3 1]  [255   1   0   0   0 255   1   0   1 255 255 255   1   0   0   1   0 254    0   0 255 255   0   0 255 255   1 255 254   0   1 255   0   0   1 255    0 255 255   0   0   1 255   0 255   0   0   0 255   2   2   0 255 255    1   0   2   0 255   0]
