[138 101 224  15  30 156  98   4 106 189]
['E7_BP_17.5_20.5' 'E5_INTERCEPT' 'E11_BP_8_10.5' 'E1_OCC_BAND' 'E2_RTP'
 'E7_BP_THETA' 'E5_SPEC_EDGE' 'E1_BP_8_10.5' 'E5_KURT' 'E9_INTERCEPT']
concatenated headers: ['E7_BP_17.5_20.5' 'E5_INTERCEPT' 'E11_BP_8_10.5' 'E1_OCC_BAND' 'E2_RTP'
 'E4_BP_THETA' 'E1_BP_17.5_20.5' 'E2_WLT_ENT' 'E1_BP_12.5_30'
 'E1_SPEC_ENT']
shapes: 
(120, 245) (120,) (30,) (10,) (120, 10)
156       E7_BP_THETA
90        E4_BP_THETA
79       E4_INTERCEPT
134       E6_BP_THETA
222      E10_BP_THETA
44     E2_LOG_ENE_ENT
13       E1_INTERCEPT
101      E5_INTERCEPT
131            E6_STD
76       E4_SPEC_EDGE
Name: Feature, dtype: object
Running LDA analysis...
All scores: [0.4166666666666667, 0.4583333333333333, 0.5833333333333334, 0.5, 0.2916666666666667]
Running LDA NCA analysis...
All scores: [0.4166666666666667, 0.4583333333333333, 0.5833333333333334, 0.5, 0.2916666666666667]
Running LDA STA analysis...
All scores: [0.5833333333333334, 0.5, 0.625, 0.5416666666666666, 0.5416666666666666]
Running QDA analysis...
All scores: [0.3333333333333333, 0.4166666666666667, 0.7083333333333334, 0.4583333333333333, 0.4583333333333333]
Running QDA NCA analysis...
All scores: [0.3333333333333333, 0.4166666666666667, 0.7083333333333334, 0.4583333333333333, 0.4583333333333333]
Running QDA STA analysis...
All scores: [0.5, 0.4583333333333333, 0.625, 0.5, 0.4166666666666667]
Running KNN-5 analysis...
Running KNN-5 NCA analysis...
Running KNN-5 STA analysis...
Running KNN-7 analysis...
Running KNN-7 NCA analysis...
Running KNN-7 STA analysis...
Running SVC analysis...
All scores: [0.6666666666666666, 0.5, 0.625, 0.4583333333333333, 0.625]
Running SVC NCA analysis...
All scores: [0.5416666666666666, 0.5, 0.5833333333333334, 0.5416666666666666, 0.5833333333333334]
Running SVC STA analysis...
All scores: [0.5, 0.5416666666666666, 0.7083333333333334, 0.6666666666666666, 0.5416666666666666]
Running NB analysis...
Running NB NCA analysis...
Running NB STA analysis...
Running RF analysis...
All scores: [0.5416666666666666, 0.5, 0.5416666666666666, 0.5, 0.4583333333333333]
Running RF NCA analysis...
All scores: [0.4583333333333333, 0.5, 0.5416666666666666, 0.4583333333333333, 0.5833333333333334]
Running RF STA analysis...
All scores: [0.4583333333333333, 0.5833333333333334, 0.6666666666666666, 0.5833333333333334, 0.4166666666666667]
Running DT analysis...
All scores: [0.5833333333333334, 0.4583333333333333, 0.5833333333333334, 0.4583333333333333, 0.4583333333333333]
Running DT NCA analysis...
All scores: [0.5416666666666666, 0.5, 0.5416666666666666, 0.5416666666666666, 0.5416666666666666]
Running DT STA analysis...
All scores: [0.3333333333333333, 0.4166666666666667, 0.5, 0.625, 0.375]
Running SVC with GA features selection & analysis...
All scores: [0.6666666666666666, 0.5, 0.625, 0.6666666666666666, 0.75]
Running LDA with GA features selection & analysis...
All scores: [0.625, 0.5416666666666666, 0.5416666666666666, 0.5833333333333334, 0.5833333333333334]

Classifier      Success Rate  Classifier Prediction                                          Test Labels                                                    Sub Labels
------------  --------------  -------------------------------------------------------------  -------------------------------------------------------------  ------------------------------------------------------------------------
LDA                 0.366667  [3 2 1 3 1 1 2 2 1 1 3 2 2 2 2 2 2 1 1 2 1 3 1 1 1 3 1 2 3 2]  [1 3 2 2 1 3 1 1 1 2 3 3 2 2 3 3 1 2 1 2 3 2 3 2 1 3 1 3 1 2]  [  2 255 255   1   0 254   1   1   0 255   0 255   0   0 255 255   1 255
                                                                                                                                                               0   0 254   1 254 255   0   0   0 255   2   0]
LDA CV              0.45      []                                                             [1 3 2 2 1 3 1 1 1 2 3 3 2 2 3 3 1 2 1 2 3 2 3 2 1 3 1 3 1 2]  []
LDA NCA             0.4       [1 3 1 3 1 2 2 2 1 1 2 2 1 2 3 1 2 1 1 1 1 2 2 1 1 2 3 3 2 2]  [1 3 2 2 1 3 1 1 1 2 3 3 2 2 3 1 3 1 1 2 2 3 3 2 1 3 2 3 2 3]  [  0   0 255   1   0 255   1   1   0 255 255 255 255   0   0   0 255   0
                                                                                                                                                               0 255 255 255 255 255   0 255   1   0   0 255]
LDA NCA CV          0.45      []                                                             [1 3 2 2 1 3 1 1 1 2 3 3 2 2 3 1 3 1 1 2 2 3 3 2 1 3 2 3 2 3]  []
LDA STA             0.433333  [2 2 1 2 1 1 2 2 1 2 2 3 1 2 2 1 1 1 1 3 1 2 3 2 3 3 3 2 1 3]  [1 3 2 2 1 3 1 1 1 2 3 3 2 2 3 1 3 1 1 2 2 3 3 2 1 3 2 3 2 3]  [  1 255 255   0   0 254   1   1   0   0 255   0 255   0 255   0 254   0
                                                                                                                                                               0   1 255 255   0   0   2   0   1 255 255   0]
LDA STA CV          0.558333  []                                                             [1 3 2 2 1 3 1 1 1 2 3 3 2 2 3 1 3 1 1 2 2 3 3 2 1 3 2 3 2 3]  []
QDA                 0.433333  [3 3 1 2 2 1 2 1 1 2 3 2 1 3 1 3 3 1 1 1 3 3 3 2 2 2 1 3 3 1]  [1 3 2 2 1 3 1 1 1 2 3 3 2 2 3 3 1 2 1 2 3 2 3 2 1 3 1 3 1 2]  [  2   0 255   0   1 254   1   0   0   0   0 255 255   1 254   0   2 255
                                                                                                                                                               0 255   0   1   0   0   1 255   0   0   2 255]
QDA CV              0.475     []                                                             [1 3 2 2 1 3 1 1 1 2 3 3 2 2 3 3 1 2 1 2 3 2 3 2 1 3 1 3 1 2]  []
QDA NCA             0.5       [1 3 1 3 1 3 2 2 1 3 3 3 3 3 1 1 3 3 1 2 3 3 3 1 1 2 3 3 1 2]  [1 3 2 2 1 3 1 1 1 2 3 3 2 2 3 1 3 1 1 2 2 3 3 2 1 3 2 3 2 3]  [  0   0 255   1   0   0   1   1   0   1   0   0   1   1 254   0   0   2
                                                                                                                                                               0   0   1   0   0 255   0 255   1   0 255 255]
QDA NCA CV          0.475     []                                                             [1 3 2 2 1 3 1 1 1 2 3 3 2 2 3 1 3 1 1 2 2 3 3 2 1 3 2 3 2 3]  []
QDA STA             0.433333  [2 2 2 1 1 1 3 2 1 2 2 3 1 2 3 1 1 1 1 3 2 2 3 1 1 2 3 2 1 2]  [1 3 2 2 1 3 1 1 1 2 3 3 2 2 3 1 3 1 1 2 2 3 3 2 1 3 2 3 2 3]  [  1 255   0 255   0 254   2   1   0   0 255   0 255   0   0   0 254   0
                                                                                                                                                               0   1   0 255   0 255   0 255   1 255 255 255]
QDA STA CV          0.5       []                                                             [1 3 2 2 1 3 1 1 1 2 3 3 2 2 3 1 3 1 1 2 2 3 3 2 1 3 2 3 2 3]  []
KNN-5               0.466667  [3 2 1 2 1 1 1 3 1 2 3 2 2 3 1 3 2 1 1 2 1 3 3 1 1 3 1 1 3 1]  [1 3 2 2 1 3 1 1 1 2 3 3 2 2 3 3 1 2 1 2 3 2 3 2 1 3 1 3 1 2]  [  2 255 255   0   0 254   0   2   0   0   0 255   0   1 254   0   1 255
                                                                                                                                                               0   0 254   1   0 255   0   0   0 254   2 255]
KNN-5 NCA           0.5       [2 2 1 3 1 3 1 1 1 3 3 3 3 3 1 1 3 1 1 1 1 3 3 1 1 2 2 2 1 2]  [1 3 2 2 1 3 1 1 1 2 3 3 2 2 3 1 3 1 1 2 2 3 3 2 1 3 2 3 2 3]  [  1 255 255   1   0   0   0   0   0   1   0   0   1   1 254   0   0   0
                                                                                                                                                               0 255 255   0   0 255   0 255   0 255 255 255]
KNN-5 STA           0.5       [2 3 1 1 1 1 1 1 1 2 2 2 2 3 3 1 1 2 1 2 1 2 2 1 1 3 2 2 1 3]  [1 3 2 2 1 3 1 1 1 2 3 3 2 2 3 1 3 1 1 2 2 3 3 2 1 3 2 3 2 3]  [  1   0 255 255   0 254   0   0   0   0 255 255   0   1   0   0 254   1
                                                                                                                                                               0   0 255 255 255 255   0   0   0 255 255   0]
KNN-7               0.566667  [3 2 1 2 1 1 2 3 1 2 3 3 2 2 1 3 2 1 1 2 3 3 3 1 1 3 1 3 3 1]  [1 3 2 2 1 3 1 1 1 2 3 3 2 2 3 3 1 2 1 2 3 2 3 2 1 3 1 3 1 2]  [  2 255 255   0   0 254   1   2   0   0   0   0   0   0 254   0   1 255
                                                                                                                                                               0   0   0   1   0 255   0   0   0   0   2 255]
KNN-7 NCA           0.6       [2 2 1 3 1 3 3 1 1 3 3 3 3 2 1 1 3 1 1 2 1 3 3 1 1 2 2 3 2 2]  [1 3 2 2 1 3 1 1 1 2 3 3 2 2 3 1 3 1 1 2 2 3 3 2 1 3 2 3 2 3]  [  1 255 255   1   0   0   2   0   0   1   0   0   1   0 254   0   0   0
                                                                                                                                                               0   0 255   0   0 255   0 255   0   0   0 255]
KNN-7 STA           0.5       [2 1 1 2 1 1 1 3 1 2 2 2 1 3 3 1 1 1 1 2 1 2 2 3 1 3 2 3 1 3]  [1 3 2 2 1 3 1 1 1 2 3 3 2 2 3 1 3 1 1 2 2 3 3 2 1 3 2 3 2 3]  [  1 254 255   0   0 254   0   2   0   0 255 255 255   1   0   0 254   0
                                                                                                                                                               0   0 255 255 255   1   0   0   0   0 255   0]
SVC                 0.4       [3 2 1 2 2 1 2 3 1 2 3 2 2 3 2 3 2 1 1 2 1 3 1 2 1 2 1 3 3 1]  [1 3 2 2 1 3 1 1 1 2 3 3 2 2 3 3 1 2 1 2 3 2 3 2 1 3 1 3 1 2]  [  2 255 255   0   1 254   1   2   0   0   0 255   0   1 255   0   1 255
                                                                                                                                                               0   0 254   1 254   0   0 255   0   0   2 255]
SVC CV              0.575     []                                                             [1 3 2 2 1 3 1 1 1 2 3 3 2 2 3 3 1 2 1 2 3 2 3 2 1 3 1 3 1 2]  []
SVC NCA             0.7       [2 3 1 3 1 3 1 1 1 3 3 3 1 2 1 1 3 1 1 2 1 3 3 1 1 2 2 3 2 3]  [1 3 2 2 1 3 1 1 1 2 3 3 2 2 3 1 3 1 1 2 2 3 3 2 1 3 2 3 2 3]  [  1   0 255   1   0   0   0   0   0   1   0   0 255   0 254   0   0   0
                                                                                                                                                               0   0 255   0   0 255   0 255   0   0   0   0]
SVC NCA CV          0.55      []                                                             [1 3 2 2 1 3 1 1 1 2 3 3 2 2 3 1 3 1 1 2 2 3 3 2 1 3 2 3 2 3]  []
SVC STA             0.666667  [2 3 2 2 1 1 1 2 1 2 2 3 2 3 3 1 1 2 1 3 2 2 3 2 1 3 3 3 2 3]  [1 3 2 2 1 3 1 1 1 2 3 3 2 2 3 1 3 1 1 2 2 3 3 2 1 3 2 3 2 3]  [  1   0   0   0   0 254   0   1   0   0 255   0   0   1   0   0 254   1
                                                                                                                                                               0   1   0 255   0   0   0   0   1   0   0   0]
SVC STA CV          0.591667  []                                                             [1 3 2 2 1 3 1 1 1 2 3 3 2 2 3 1 3 1 1 2 2 3 3 2 1 3 2 3 2 3]  []
NB                  0.4       [3 3 1 2 1 1 2 2 1 1 1 2 2 3 2 2 3 1 1 2 1 2 1 1 1 2 1 3 3 2]  [1 3 2 2 1 3 1 1 1 2 3 3 2 2 3 3 1 2 1 2 3 2 3 2 1 3 1 3 1 2]  [  2   0 255   0   0 254   1   1   0 255 254 255   0   1 255 255   2 255
                                                                                                                                                               0   0 254   0 254 255   0 255   0   0   2   0]
NB NCA              0.433333  [3 3 1 3 2 3 2 1 1 1 2 3 1 3 2 1 3 1 1 1 1 2 3 1 1 2 2 3 1 2]  [1 3 2 2 1 3 1 1 1 2 3 3 2 2 3 1 3 1 1 2 2 3 3 2 1 3 2 3 2 3]  [  2   0 255   1   1   0   1   0   0 255 255   0 255   1 255   0   0   0
                                                                                                                                                               0 255 255 255   0 255   0 255   0   0 255 255]
NB STA              0.5       [3 3 1 1 1 1 1 3 1 1 1 3 1 3 3 1 1 1 1 1 1 1 3 2 1 3 3 3 1 3]  [1 3 2 2 1 3 1 1 1 2 3 3 2 2 3 1 3 1 1 2 2 3 3 2 1 3 2 3 2 3]  [  2   0 255 255   0 254   0   2   0 255 254   0 255   1   0   0 254   0
                                                                                                                                                               0 255 255 254   0   0   0   0   1   0 255   0]
RF                  0.4       [3 2 1 2 1 1 1 3 1 1 2 2 2 3 2 2 2 1 1 2 1 2 1 1 1 2 1 3 3 2]  [1 3 2 2 1 3 1 1 1 2 3 3 2 2 3 3 1 2 1 2 3 2 3 2 1 3 1 3 1 2]  [  2 255 255   0   0 254   0   2   0 255 255 255   0   1 255 255   1 255
                                                                                                                                                               0   0 254   0 254 255   0 255   0   0   2   0]
RF CV               0.508333  []                                                             [1 3 2 2 1 3 1 1 1 2 3 3 2 2 3 3 1 2 1 2 3 2 3 2 1 3 1 3 1 2]  []
RF NCA              0.6       [2 3 1 3 1 3 2 1 1 1 3 3 3 2 1 1 3 1 1 1 1 3 3 1 1 2 3 3 2 3]  [1 3 2 2 1 3 1 1 1 2 3 3 2 2 3 1 3 1 1 2 2 3 3 2 1 3 2 3 2 3]  [  1   0 255   1   0   0   1   0   0 255   0   0   1   0 254   0   0   0
                                                                                                                                                               0 255 255   0   0 255   0 255   1   0   0   0]
RF NCA CV           0.508333  []                                                             [1 3 2 2 1 3 1 1 1 2 3 3 2 2 3 1 3 1 1 2 2 3 3 2 1 3 2 3 2 3]  []
RF STA              0.5       [2 1 1 2 1 1 1 2 1 2 2 3 1 2 3 1 1 2 1 1 1 2 3 2 3 3 2 2 1 3]  [1 3 2 2 1 3 1 1 1 2 3 3 2 2 3 1 3 1 1 2 2 3 3 2 1 3 2 3 2 3]  [  1 254 255   0   0 254   0   1   0   0 255   0 255   0   0   0 254   1
                                                                                                                                                               0 255 255 255   0   0   2   0   0 255 255   0]
RF STA CV           0.541667  []                                                             [1 3 2 2 1 3 1 1 1 2 3 3 2 2 3 1 3 1 1 2 2 3 3 2 1 3 2 3 2 3]  []
DT                  0.4       [3 3 1 3 2 1 2 3 1 2 2 2 2 3 2 3 3 1 1 3 1 2 1 1 1 3 1 3 3 2]  [1 3 2 2 1 3 1 1 1 2 3 3 2 2 3 3 1 2 1 2 3 2 3 2 1 3 1 3 1 2]  [  2   0 255   1   1 254   1   2   0   0 255 255   0   1 255   0   2 255
                                                                                                                                                               0   1 254   0 254 255   0   0   0   0   2   0]
DT CV               0.508333  []                                                             [1 3 2 2 1 3 1 1 1 2 3 3 2 2 3 3 1 2 1 2 3 2 3 2 1 3 1 3 1 2]  []
DT NCA              0.533333  [1 3 1 3 1 3 1 1 1 1 3 1 3 2 1 1 3 1 1 1 3 3 1 1 1 2 3 3 1 2]  [1 3 2 2 1 3 1 1 1 2 3 3 2 2 3 1 3 1 1 2 2 3 3 2 1 3 2 3 2 3]  [  0   0 255   1   0   0   0   0   0 255   0 254   1   0 254   0   0   0
                                                                                                                                                               0 255   1   0 254 255   0 255   1   0 255 255]
DT NCA CV           0.533333  []                                                             [1 3 2 2 1 3 1 1 1 2 3 3 2 2 3 1 3 1 1 2 2 3 3 2 1 3 2 3 2 3]  []
DT STA              0.433333  [3 1 1 2 3 1 1 2 1 1 1 3 1 2 3 1 1 2 1 1 1 1 3 2 2 3 2 2 1 3]  [1 3 2 2 1 3 1 1 1 2 3 3 2 2 3 1 3 1 1 2 2 3 3 2 1 3 2 3 2 3]  [  2 254 255   0   2 254   0   1   0 255 254   0 255   0   0   0 254   1
                                                                                                                                                               0 255 255 254   0   0   1   0   0 255 255   0]
DT STA CV           0.45      []                                                             [1 3 2 2 1 3 1 1 1 2 3 3 2 2 3 1 3 1 1 2 2 3 3 2 1 3 2 3 2 3]  []
SVC GA              0.466667  [3 3 1 3 1 3 2 2 1 1 2 3 1 2 2 1 3 2 1 1 3 2 3 3 1 2 2 2 2 3]  [1 3 2 2 1 3 1 1 1 2 3 3 2 2 3 1 3 1 1 2 2 3 3 2 1 3 2 3 2 3]  [  2   0 255   1   0   0   1   1   0 255 255   0 255   0 255   0   0   1
                                                                                                                                                               0 255   1 255   0   1   0 255   0 255   0   0]
SVC GA CV           0.641667  []                                                             [1 3 2 2 1 3 1 1 1 2 3 3 2 2 3 1 3 1 1 2 2 3 3 2 1 3 2 3 2 3]  []
LDA GA              0.433333  [3 3 1 3 1 3 3 2 1 2 2 2 1 2 2 1 3 2 1 3 3 2 2 3 1 2 2 2 2 3]  [1 3 2 2 1 3 1 1 1 2 3 3 2 2 3 1 3 1 1 2 2 3 3 2 1 3 2 3 2 3]  [  2   0 255   1   0   0   2   1   0   0 255 255 255   0 255   0   0   1
                                                                                                                                                               0   1   1 255 255   1   0 255   0 255   0   0]
LDA GA CV           0.575     []                                                             [1 3 2 2 1 3 1 1 1 2 3 3 2 2 3 1 3 1 1 2 2 3 3 2 1 3 2 3 2 3]  []
None Already exists, moving on...
